7727
94147
8295
55829
8524
61765
12638
6439
54699
19565
3175
12502
28055
80581
35955
19617
93389
31345
27488
20149
19416
15981
15486
1958
30801
14666
49117
10680
54624
11242
7923
86045
36232
7613
55042
12740
17202
45691
95281
43521
4010
61773
20512
96411
8447
4837
2036
65422
12923
75739
78870
81599
5476
39640
8760
13627
39983
8386
28007
6515
3658
746
66003
40777
7366
31564
26854
41560
2345
17359
16870
1435
4929
47796
46412
38883
6926
12872
590
73374
5015
25313
7344
8629
30580
4764
42187
26911
45964
55086
7263
7654
37320
27937
30482
6751
266
7496
47490
25104
10820
38783
8688
62566
9382
27349
71859
111
86577
72224
40210
3270
8718
72624
74090
84942
30277
18489
96441
7025
315
2271
4788
75960
68552
42458
2995
33443
10388
21623
19633
85311
90876
40371
777
90994
10867
34218
47353
6778
40746
27944
43083
58257
7125
87054
47877
433
16528
59958
40036
10925
11306
22002
28988
1173
27936
33677
65444
22863
250
7752
20571
3702
7822
4106
80100
45107
32524
60554
17095
25895
29903
50765
6241
2945
37976
30679
45260
201
881
302
37777
45674
29060
95197
9892
22429
5090
20864
2677
16460
62224
25626
52306
21395
29411
4943
14575
26704
878
65330
60855
5540
28017
3901
101288
26404
24562
47709
37554
7846
8130
1278
11029
15050
16136
45015
25141
37090
42931
67616
85249
80831
3718
13137
8859
43132
6721
7452
58084
7886
29388
69210
4233
47971
44678
73
26554
732
17812
40969
63025
1051
1035
7173
54038
4438
10342
4097
99675
33337
11337
89410
8662
36323
55837
19539
83126
26670
91354
30760
28237
13144
43713
8102
2030
3629
7527
8116
11905
82
15761
35178
77584
19861
19103
60665
4340
90752
58212
14873
13768
8232
74445
76994
52116
66534
294
5009
2740
33101
25696
10268
35993
39378
25916
6830
14351
1153
32297
326
41005
14965
22942
76920
3678
59000
11005
2920
51394
2279
80321
69617
41344
29179
9189
75760
8204
14383
76427
25652
34840
17301
69951
15493
38532
91739
76489
40699
35260
19247
10624
60555
289
18009
983
7855
59827
57005
4525
3333
6395
65409
15876
45973
11719
89430
39897
53
50969
78183
8388
4147
21560
63182
10438
8768
22007
2108
2593
11575
38794
39771
1195
94116
6265
5644
19150
13683
14620
41161
594
113
33833
5250
29869
20954
5284
51041
4050
4416
31261
18964
4484
44837
11010
6055
9488
2721
18523
93355
36724
13851
74711
76177
2013
2134
58386
31021
17834
24411
26437
1471
22391
4098
37748
79137
30040
87216
81523
63670
49738
33118
84806
18372
51420
3190
81491
1575
42532
79318
8336
44353
22549
4890
13563
30521
60121
6969
25988
14728
71775
39148
8983
10254
45961
33344
29025
12701
32417
99073
17902
7612
18756
16074
39158
3730
1644
100746
2838
457
50904
44861
6349
40543
34016
36256
50920
9873
88968
13531
17774
4013
4709
60306
15445
15383
95344
98686
47777
51263
4942
14569
58956
277
26431
8903
68650
60093
141
7849
35082
11980
4017
12489
39237
49851
305
13595
40450
61265
56255
45399
35190
48797
21082
36977
23191
41453
10885
38902
8026
61521
37169
57944
48898
49550
23292
139
8013
26952
28732
75639
14968
7843
37769
87501
26759
98969
25767
11314
45062
16641
31123
32786
43790
22935
7750
78466
39636
14882
31243
48246
1659
36122
28484
18292
18134
38964
19292
42572
12534
64183
1291
71667
8036
27695
71941
19484
13731
82147
4825
56632
6008
3115
20930
33938
31687
26334
81274
47708
5616
62275
23540
16592
25543
10946
91482
5553
1868
62203
735
3665
66177
39495
46593
73186
68795
21180
40915
25727
200
67917
84002
57165
28892
210
11864
11588
1738
67484
19572
4061
11471
28914
5205
56263
33154
14828
18794
20557
63756
11482
67098
1813
42088
55858
245
5965
70110
15306
20112
21802
42034
17817
62186
52559
13401
80602
48520
7605
10409
2317
32649
11711
6338
42110
14063
4700
34004
43373
29340
5406
14789
28849
50580
72855
13127
71490
4219
20456
8542
62559
11077
90149
16834
75794
3597
2510
15961
37877
3176
21222
11269
89666
12903
39877
45906
52476
2281
67268
77179
21815
43814
9790
4543
15529
81609
34275
76596
7349
7524
7574
11788
25718
3699
27148
5598
1304
9391
13233
46648
89136
2301
98980
6268
56466
7649
14000
2940
44264
7432
18105
40749
71412
86609
6160
57480
9283
214
53074
81639
82047
12637
7010
93741
8311
23230
54329
4507
74794
35038
53491
37799
44058
40333
20624
13136
10207
75327
3091
1535
11259
101595
78221
758
77191
4014
5885
43114
89917
31323
55688
68084
56008
6474
47666
39806
6796
99223
32791
14323
1789
20345
2782
8949
8396
8751
759
48658
132
20418
4187
13879
33801
10368
31
6745
2950
10806
32660
6579
56518
40756
38476
57935
46490
54814
38574
29480
60697
23619
17280
16156
4928
1967
90817
6263
16328
29582
1561
255
62372
11743
38566
94074
11084
8948
19284
1015
1403
80873
35661
70686
58791
8994
28912
44323
38392
30635
29007
19581
28737
63754
2276
26709
54677
41342
1068
88220
61845
20764
8088
4027
6092
44968
37859
3090
11797
14011
13642
8624
55384
19586
3769
4324
641
26655
44307
53538
1857
58934
9533
234
58618
19667
10162
50564
64093
2600
66059
55263
7414
67910
10455
37436
29599
94544
16697
56217
31190
10437
5712
48812
25579
3561
49278
23708
11085
49188
79950
3962
86859
2831
35879
14735
36210
18318
7549
74842
16894
34149
18791
2988
1863
26804
52208
37889
9632
13756
59460
15699
28283
54816
73632
5242
831
7275
55366
67393
58844
5166
54050
59822
22434
23028
1722
16708
5958
5048
16923
9608
56777
12296
37879
5860
77079
22553
3788
85172
11315
2302
48778
12764
18582
10154
58716
406
27892
3875
33529
12269
77627
32
58131
28359
52234
73445
38226
664
37243
76307
86675
41492
31391
69586
62520
18329
59087
143
75154
9202
6352
24236
43627
23654
58701
42495
1951
75386
74109
38217
5851
85690
6333
95555
24375
24608
5920
13928
39484
29860
46372
23865
10742
13420
13707
31665
50606
44529
15396
27843
31030
4117
93346
50525
40384
2282
21575
81886
40673
3825
9834
23466
6779
47141
7786
98066
84600
37840
59077
48310
42251
7288
27653
23414
14862
45341
13598
55352
53368
44645
24249
1694
13787
6563
35784
7098
12272
12235
517
27988
55551
6247
1344
4724
7946
62869
12643
90569
48910
79
22519
6214
52719
35555
6188
17374
54556
56694
51664
30359
61296
56992
29833
47595
42345
2299
6673
81893
79249
32715
81605
6437
13138
65558
2469
18334
5503
87918
98083
47393
58030
9767
44538
88671
2401
21494
1757
2425
96581
98688
22241
28401
38026
52298
2156
51025
44766
19849
142
12722
21381
8494
8023
37619
3238
46791
70492
43312
40826
30960
41651
79023
24181
101794
29105
34747
20334
45690
75245
16580
60360
8522
63247
11920
65674
38341
46019
24038
50956
94610
10764
12762
55041
6567
44104
66232
59353
2584
44876
1665
13379
32061
4936
3876
8354
53235
92179
79378
15552
10053
19932
2684
28763
34032
43835
16524
18701
7985
15458
50673
60507
8107
43998
84338
64
44417
40358
17400
76361
70198
7804
14658
6888
34821
64343
54735
75429
52701
3045
52028
21755
37685
55110
4739
9064
40557
98809
76481
48709
19487
30173
55938
29408
59873
46594
9756
8011
68915
50322
75748
99465
73102
3919
23306
75199
8346
55803
293
6500
39681
29419
83973
42186
4312
13552
79772
27990
51324
44458
37300
11892
50582
10728
6353
38832
14369
30358
25026
29711
18469
12428
36580
63764
29537
18337
206
2135
6257
63875
13089
6742
80046
35047
18228
489
98965
31342
76369
11024
78
9997
6783
10489
24367
53925
21151
5074
15444
12485
29485
501
55890
164
6609
38
3069
2258
61376
9791
59795
798
49307
11363
38871
48638
16643
39689
52587
5871
63514
17904
92310
20505
26763
71214
18045
9187
41950
85420
23245
11155
14626
16399
83305
54318
42287
21679
25806
39124
24456
34124
63023
12798
22547
51120
42
91329
57475
24649
21259
97628
31349
79024
24623
12917
3078
31093
10777
19605
77480
4068
95965
99426
6025
27278
31046
35360
29076
92302
54451
6496
14783
6432
13433
6047
13043
88556
776
7753
4602
32742
73723
7576
1527
44533
10444
6593
17640
45066
36337
48838
24233
1060
10493
6183
7931
80156
45309
26883
81140
3044
19285
5941
8628
13208
62430
58224
11551
369
15904
25707
28180
219
17824
41761
43523
54471
988
28103
5134
4217
54964
43641
6471
9310
28830
215
199
28400
83979
53807
63
53567
41354
86447
5742
47484
68882
41098
26807
8709
19541
29547
20803
72403
50670
28289
3998
57222
36952
1125
14972
5314
5241
5034
36096
16466
3110
96959
67085
862
3337
2840
889
70273
25865
1606
92611
27499
48912
92500
43706
14395
22764
71472
67714
19367
21327
7522
14977
16993
66430
15149
52748
248
6716
97196
37
41407
50867
57134
10220
11491
32856
12307
43985
43653
1596
3324
83144
31637
14872
30051
34744
42417
50711
6537
3777
95175
31115
5765
4789
40830
55135
14248
42772
9485
4640
29413
89504
12094
23913
13630
46303
27354
96907
46746
2583
35774
45181
12651
5703
20726
9484
4686
57661
55332
98847
3390
9569
33621
2908
17791
7885
2220
48708
7737
22855
1688
26749
2705
53617
1451
35106
56984
59162
6518
31705
1855
28565
3872
41
20019
35505
45916
11236
5568
50326
77369
42254
43616
47897
92007
41351
807
23793
19834
41043
32108
14548
37533
21873
11891
14940
1775
19933
63006
45126
54
1892
11206
31982
11734
28575
9501
64413
3679
4515
54374
8854
4921
32014
24402
53723
16229
12538
29669
27241
3200
18115
30602
6475
14579
32826
33761
50115
21778
1182
8678
58936
42333
3513
42342
2715
16291
33043
32743
82302
5804
33502
74306
8358
1632
11009
12931
67002
16945
3959
46049
458
9241
11081
95927
16147
13500
13656
75432
35550
27191
24132
44107
31574
21913
24320
41081
16408
7504
3146
15757
7914
5658
4313
29704
23426
94463
20390
39363
23978
13213
7674
32947
62322
37025
62473
35304
2016
98306
678
17582
25871
3426
52533
90525
32056
90016
61818
17307
13404
2951
74710
16860
10202
18612
41622
95624
20386
11542
8989
8408
18793
12241
7140
13649
70161
19286
26902
55537
63434
60814
26033
117
8821
78776
57948
1748
71231
6006
21024
84487
17186
65094
52117
1851
78975
10829
24507
83093
1542
27431
25
68530
49396
2570
47403
72588
97718
104
3516
92411
19306
321
4238
75
62063
45879
18602
4190
41179
3131
1033
1236
25910
6591
17662
806
60549
24029
4688
33944
21720
9970
8646
46017
6942
49803
5431
38530
50913
54769
57100
57880
87607
19324
75799
42107
12656
33898
8226
19259
55556
38541
6648
7190
8947
43538
20883
511
70347
462
53203
9604
37001
76058
11646
280
41381
6589
57306
80427
43489
61762
16760
24037
58526
23436
39392
4648
10775
26035
29667
10954
33873
78588
16873
56701
16058
78993
1006
26028
60389
15312
8344
2948
6450
48659
29344
18162
68202
60256
8554
27327
9006
3725
65917
1206
73978
7877
13011
72554
20570
12685
54371
31971
42398
70374
44962
84545
2877
2350
93492
65300
10854
20515
31569
53691
8953
61299
25904
37697
57650
39891
29988
28990
30733
70054
32492
21383
85715
2829
17744
40282
47034
97704
59463
76232
10410
43302
8238
79231
14462
30854
54566
93
22649
33974
43950
13078
48231
88899
88858
96100
59765
6340
46676
80717
63681
273
17856
7050
79307
7391
80906
46308
82196
9431
1429
24671
77230
31112
5795
51016
15261
1720
7246
3887
17883
42903
46814
39440
19886
88979
100340
15435
11074
10359
11526
55599
16747
55746
21270
5497
24791
9035
39295
53100
79825
6015
22124
55874
32493
89137
43677
84957
15914
55474
13273
33083
12838
28552
51958
27734
18417
91443
39671
484
27149
76160
20197
51517
37824
18125
55650
42184
97063
12085
13012
9150
73217
20701
27973
18312
8214
4051
87797
31157
42252
1199
10897
1869
2095
7497
20401
64549
43697
4496
34911
47684
78196
455
7423
5
1503
43163
51684
21656
39416
18982
9616
10264
2982
51057
9644
39675
1157
86079
19733
41450
3447
35685
49975
55406
52814
36235
96495
90345
7662
19512
81785
61047
89339
21000
5554
5922
93559
68840
84373
79837
58379
6312
20643
23139
30911
30791
58168
15780
2183
9630
4392
70267
14573
11536
12620
61788
9178
76294
97516
40
14843
1318
43026
3316
94350
8929
96447
49180
66789
16307
73037
74730
62756
49533
43986
3966
14109
41357
54847
53011
79451
56913
56275
17360
4915
6221
48611
60582
67843
12575
11853
53888
69681
3393
41523
1511
18478
6339
56271
8865
60791
21659
43939
3533
37602
59344
46506
2550
7526
525
6905
72541
14128
58657
12129
76317
73770
1798
86856
67648
651
2731
39315
1832
35230
59972
42119
36491
92227
60097
27113
34553
9034
4556
22723
64430
36612
46684
22039
10477
57931
5194
15655
58002
169
2795
1131
4283
48934
11042
60352
18175
85956
39641
43988
41992
9786
44776
9419
99867
62682
3122
26024
5076
28256
100839
52119
62346
40288
3543
7658
41595
44160
60465
9509
3269
4171
1679
5453
29261
21420
4840
7412
730
33558
36043
41883
5354
16496
61859
69071
79899
12449
13685
20626
3575
83018
44108
84220
78001
80490
738
14397
56027
3972
92787
13484
50698
78172
23829
15893
637
43836
32765
9846
2878
75313
13216
41573
35244
35919
49750
3766
88615
1142
259
73550
4388
81107
11248
34960
52352
20189
35361
12989
46781
9764
18634
26345
88897
52797
10863
704
31329
85379
18630
7833
32700
17833
51777
41817
5927
41894
6401
10713
38962
77124
69331
1161
59335
32816
3784
37545
18071
3934
623
46027
676
34663
21589
44770
79041
23697
30992
2588
20540
51631
46043
79241
40653
88488
51471
52763
12228
597
16762
29524
4470
18577
41388
64923
6364
3317
5003
61719
7176
75367
74132
13146
20280
52079
21757
3486
17388
62066
43326
6296
37761
65024
61233
45718
9721
63209
44
45312
340
14502
78550
89341
53471
32452
22239
48243
30730
11203
75443
50425
26486
7971
70207
29074
85912
6677
479
42577
16947
54564
4842
23165
2078
30455
2742
2743
6527
4818
51770
772
5463
25785
20465
1192
55278
61948
14185
45484
58023
14860
26333
5919
8200
87511
3251
13060
10744
88270
316
49322
9041
34051
11601
2023
41293
18360
93425
76131
15892
14401
3070
3819
5748
29183
26183
24496
1683
31639
12623
76738
731
54650
26664
1292
3691
29170
6559
49981
7676
6818
15630
15196
17423
49842
59122
1780
4759
52864
14912
22773
13800
56407
24810
12114
28879
7201
14231
44043
54115
71874
27333
916
68968
67572
48543
3941
58476
68591
91230
66536
3932
1818
26293
16840
469
50252
18103
25315
35606
12335
78707
25620
8710
49615
7734
61316
11755
17588
4160
57466
81393
41455
71316
82121
6134
1101
14884
29526
77109
11979
28993
18166
92609
31020
33982
42502
57491
8645
50341
20441
14281
2654
41746
2956
240
62749
27073
42351
53939
134
13860
46514
18766
1228
17921
31419
17455
44050
99
13519
52857
53577
7905
9754
53560
11054
188
4667
2914
7481
88648
56364
53039
8737
37907
32939
6335
50447
21288
156
39188
30628
3905
3119
6164
984
51869
16505
35910
15857
13762
6130
5279
2978
13593
8282
8832
3540
80638
61837
40764
20652
32391
79835
649
48886
4208
6097
85067
44208
13048
4173
632
35918
27448
61193
16682
14596
72810
1558
58185
13810
40558
25144
35969
962
27550
5081
42940
41189
46323
45689
17003
4523
13871
33814
2548
61424
46578
14438
9099
59979
28615
61230
21334
17249
39890
56736
5792
22588
98732
3259
43700
9905
26519
88964
480
79202
2549
63633
52744
7419
70243
24290
20717
16063
26676
2896
9831
9489
52737
69940
48836
8946
14
40963
2973
24068
4808
46867
50793
47277
65200
6789
14705
82596
18322
42604
67948
54380
77148
283
31727
95270
33198
27486
4722
62711
73881
31356
31929
68120
53490
900
4931
52504
11620
19142
46616
7356
9039
52801
42513
12248
2240
3956
47956
2329
29149
55728
49527
78646
10287
33409
56724
12986
27672
359
83320
50209
87324
40693
30207
12191
41781
4199
21244
31902
2077
72640
91234
18140
3958
48685
33728
5293
43716
30983
73412
14635
2949
7248
20186
496
50834
5814
8497
54376
43176
44423
48701
31144
20136
6343
32288
40684
54973
8380
77991
10864
48104
14359
63579
53822
51575
3816
6231
7777
75116
13165
44568
42543
35753
1322
55017
68404
18503
54393
27531
5168
39962
19593
16017
68947
24508
4454
13073
36149
86328
6249
85415
11
43589
2106
101035
39046
82289
51185
90599
97302
41373
17103
2260
1194
488
64440
4868
36675
7988
11901
77757
3622
22346
16061
87539
74825
31730
1911
48842
29722
25314
5627
14289
32207
47857
9230
16605
5900
19172
52182
3165
50390
29356
51637
5248
4075
13534
67022
14237
33703
44943
19722
805
14761
365
29137
26001
13688
39930
9364
67849
19826
116
57081
36050
2434
4181
57493
1
17957
4946
2060
70128
62552
26768
29257
86324
154
38007
671
46406
62377
54909
1370
19051
34193
3687
56281
46281
7751
59517
9380
53786
37295
15744
19584
17358
14995
487
12580
55013
24601
80266
36900
32382
40096
99517
5953
53193
13594
982
86902
17113
1395
97331
854
9317
51293
3171
7566
44722
1326
38909
52574
3815
35962
49901
8411
69663
19884
7167
32273
63039
45816
38851
55705
5891
29701
53445
54676
19317
11802
7385
20096
62321
79967
26800
4807
8969
44864
42767
10702
37910
48456
24
101945
89
33448
14447
3035
2987
27895
18940
28167
70329
20190
59875
9574
2456
10798
81517
29828
7694
13674
7495
83551
66113
83670
9017
49141
93557
98785
12142
94095
19098
213
79993
44499
16514
2980
3961
16486
21296
52986
17614
32373
72553
35763
18176
83888
24351
22797
6452
32089
93759
6443
4432
21172
27255
63668
52679
18726
62016
46979
9314
83435
1609
14478
45520
58411
73821
565
93623
60944
47101
7327
1475
16014
37672
4671
6169
52487
1005
30457
7114
39936
19066
925
11389
48178
19443
73504
47657
88550
33892
11238
5878
56376
89013
442
36820
46645
18676
84782
42311
79868
49150
474
49971
78877
32270
12020
16571
25924
2673
9308
18396
48890
33702
8432
8448
11022
21297
59624
58557
18448
21351
2353
40478
8393
63298
61146
43216
1653
13184
78129
38120
52412
11013
3440
13972
380
57477
41879
53000
58128
803
23370
22810
810
49749
13010
22652
12547
44723
55490
3162
36626
5437
44041
3261
39036
37217
59163
77259
56095
3701
7256
684
36655
15729
48855
12365
1067
18049
54642
18906
9906
23856
8121
24377
3186
5947
24437
29916
2360
12377
58026
3180
19694
17433
34929
8819
68196
556
96703
4672
54589
18038
6506
52845
23326
40959
8484
50493
25599
7449
27699
38035
93533
6088
65053
48589
28953
62305
7012
45012
8104
88735
69445
25918
44970
53175
178
1918
15246
95662
1401
41547
51466
75604
39096
42348
2999
10232
63183
70200
38162
38715
87289
3633
449
36
45284
97566
52968
57221
9036
7636
30693
12570
20391
52271
28247
9119
52357
2990
15043
8429
91183
19737
31314
21884
30884
61321
1687
67229
38144
127
571
4678
3566
50496
943
64948
10106
8498
75296
25662
15094
26610
80125
88551
4799
3667
22
7431
42288
5207
477
1048
6874
13966
89780
66014
10682
62658
4225
93570
55957
5590
57854
60782
13
24908
328
38201
2817
8536
46277
18380
47447
1189
20805
17955
80354
8942
8847
87121
50183
11076
1044
2739
19496
99462
7308
35415
2952
4170
10865
49003
46322
30538
83752
398
29182
85019
62124
34421
6174
28740
6516
42663
76297
1238
22572
52067
84074
43569
43284
88621
52661
24398
33125
1801
16145
10153
27891
43642
32753
45438
30208
23363
29000
23674
3607
12331
10654
13143
68089
3262
2708
15785
8863
101525
23004
14790
12669
72135
50140
25254
35447
66988
3588
8964
54912
12452
88424
54815
12462
11196
19342
48984
46467
76532
61965
57244
4819
8460
68949
14909
17581
52549
1743
40755
2277
58177
65734
5700
16707
57985
5995
29367
49446
88182
39294
4396
34931
3218
7640
74855
31176
5020
49595
61153
39037
20607
94942
22673
2566
6837
6189
62288
18297
5282
103
74863
42854
68098
55827
14163
8568
56650
11486
25691
16811
13853
36958
17346
24535
51757
20747
77479
11978
19691
85233
59287
10275
61346
42470
7057
100888
41328
16572
77350
54336
2554
56333
15070
2628
1491
13128
78865
64806
59606
62235
84323
45374
41834
2788
12845
1791
31826
26294
51711
21985
992
65171
18643
2141
14883
8790
51283
6207
48320
35711
41369
68156
1070
51393
16516
18302
2254
4128
10109
12219
66
43928
55160
15302
34891
3106
50714
33085
157
13486
21486
6275
17350
13887
48254
10300
3688
16727
73163
76801
2362
21968
93948
29001
58127
569
29253
45141
12198
24131
9203
1565
40616
45123
41609
6002
9530
68460
48051
39080
1543
8008
51373
54180
11906
27005
38324
35275
3472
78705
39000
9054
64598
5739
36562
60023
9126
2538
33884
65092
42812
4673
3928
6258
92505
32541
32266
25126
19943
4409
59714
12431
44409
48405
17314
18005
7253
70025
5809
34755
53621
29153
19242
95553
5185
31783
3185
33180
10952
8950
51204
8076
100408
47989
20289
23446
75137
11599
21091
45383
11355
18549
1693
44365
49498
31315
18101
21503
93005
10731
25252
27411
4157
42004
68115
43202
15040
8694
7364
66210
11227
66373
28525
27646
13023
74920
14574
20185
29535
1160
19347
13264
44077
26049
26950
84103
79528
7455
10494
30735
73126
51070
14057
16790
80798
28669
17658
62542
21822
4956
23360
30663
21872
31868
62325
70528
630
7995
68043
101560
26447
5791
833
27290
6248
40018
18563
64126
29771
69
5859
62435
11193
19873
25282
12955
39225
19563
683
28436
7929
41500
41078
2028
18492
33316
74033
37621
9660
43817
10476
1311
27426
97106
57970
3389
52016
9393
7000
1881
71705
57479
25100
7876
18237
27352
6066
70960
11501
13712
50433
11558
6137
33501
4200
11839
1957
4540
11695
18958
865
18108
62786
20777
34130
21027
23186
5906
43461
1692
55962
16167
101299
1169
34649
29023
8435
937
1324
24532
1926
4186
39970
14127
51346
11293
4288
68945
8640
38070
15853
60096
13077
5617
6334
73080
90656
93062
22595
2523
34897
6120
78401
29081
6122
45179
14734
8543
14453
33815
84557
34910
33600
6615
82011
51189
64163
10622
35201
572
42610
10696
8743
43971
18320
10263
1773
47333
26612
18774
4643
12389
102007
63124
270
3705
34647
15017
961
41652
1846
23696
23712
74123
6748
3266
42568
42537
39171
25593
9517
53889
15249
34756
13652
64985
51245
39521
335
79849
34245
7394
8335
4134
33647
18872
17287
2111
33649
52950
2629
4655
4745
2748
24314
3006
17726
15291
62631
2166
45748
12835
13668
24317
15031
8424
29606
18046
3394
40932
73820
2954
56224
16628
33680
1075
11419
32296
71123
82449
58742
51668
28718
94187
21186
15339
46140
12397
43400
86569
22375
4082
11420
16833
65543
96874
26465
19491
44206
448
31807
1156
21537
59626
8696
95591
16256
18957
10993
95857
46745
18767
31838
74721
6529
7294
44691
45760
7258
82923
55111
58297
57383
21648
35287
8133
36543
14562
42487
5306
16430
60215
49961
4158
45402
40224
3868
14386
6145
17545
42592
409
2217
578
95417
67516
65544
50427
5150
939
14141
21248
8398
26662
12588
13306
15474
3198
21966
12693
38990
54285
45720
74851
47995
24775
28384
43357
47676
2839
5692
7164
15311
43693
5841
22934
99857
87168
23772
44836
62581
66775
8563
90456
89778
63146
80917
52415
42001
43703
67694
6347
93250
27440
39768
32151
30789
12440
33429
370
51020
17271
88780
47661
57104
16280
26835
9693
9089
28738
32518
1624
58399
35154
15611
81
7204
57349
41433
95771
30823
52743
1243
94193
53543
12018
53999
1976
18260
11798
9867
30814
11037
318
69481
49716
9519
16312
668
4866
78960
4541
10276
18531
11113
66344
20979
24090
876
6367
58045
5170
14699
50015
26739
3257
20802
2190
89141
11571
9694
62228
41094
36733
56610
6369
9128
599
4429
2678
22843
71799
7782
84648
82504
6790
52674
21159
25366
74275
43750
66213
8426
5639
37531
18745
47423
2262
14618
11408
42745
41659
49046
3978
42583
74598
17578
14312
3528
91578
16567
2123
47208
11923
6232
1124
34603
17369
53388
63215
14482
38143
45247
75243
51012
9413
50982
49598
30721
34079
15408
54618
14366
41772
12652
65651
54598
9397
14588
261
79259
91758
100879
14501
66770
476
17948
17379
3304
14485
189
25686
35621
76535
3977
2688
75961
56644
51780
34579
58245
12769
67777
69485
616
6750
636
37394
49410
25489
7668
10328
37979
14489
55900
21071
96235
81633
53998
37231
33602
64166
46
24021
14545
80176
42357
4419
14908
12061
40989
98737
64997
74168
44394
54980
11469
10711
21747
3068
562
67446
83098
14176
42071
9665
17145
26975
9316
21483
89247
41685
68099
5209
50578
9343
5661
88428
57656
22971
91038
33022
32483
62271
42289
17924
7982
47103
41662
12126
78724
10147
14895
35574
93483
16853
51216
23168
92460
32656
15866
62613
159
31450
130
20438
27716
28440
55134
5853
5296
66265
49403
1028
44231
1468
5918
61527
42156
16924
1963
45043
5892
39445
12414
55104
7569
24078
63009
85853
90041
43378
2361
24077
63107
44558
19958
18882
80275
54863
19264
81945
9450
42765
15642
45813
4617
38564
14179
45475
1999
4997
12509
50259
89094
40025
46489
63340
29947
26325
24730
5840
42442
85648
20706
8120
1268
9160
25761
56453
11932
44763
34171
20115
6817
50120
3098
43709
24531
7624
2201
64160
51019
56252
13501
5653
84180
42968
17357
14538
17557
8833
20353
29338
37292
13875
41148
41804
42717
10173
81106
10848
18006
6251
28835
32410
10715
1424
24406
47246
71298
109
43751
708
14919
83677
1463
64944
70120
54612
25953
32256
3846
60534
50598
23599
25465
30852
27376
81881
42278
1433
18137
92368
4391
10361
646
39848
36394
9980
5459
84498
4774
4153
3152
33698
22041
3104
66045
77895
26588
6917
48419
11215
98151
7784
5516
20012
46234
22778
74762
20382
62085
41975
92026
54590
59609
1217
9531
29739
1709
31294
7776
54601
24488
9749
79949
38183
27478
6012
55607
60804
13950
45511
5427
8587
62278
5261
19887
45905
97788
53239
6493
45031
91295
38153
42007
51130
13648
9641
45487
2226
7970
86278
58162
48547
17220
63333
1751
78207
34078
8399
8291
63663
35317
13588
79570
41100
8027
34858
12102
28767
764
5462
25747
48813
75881
65775
43620
9938
37668
57351
57327
147
46080
14674
2963
25070
31530
42804
45647
74565
90678
23794
38068
17154
46083
33587
16869
25415
55521
64896
860
4615
19523
847
19450
41049
10200
32432
298
6498
36376
757
66203
70734
40859
12467
17390
7657
32693
35071
41621
80323
3321
49710
68881
91752
57553
3237
2568
16517
10
15110
38884
96448
23973
20611
62150
2651
45769
3014
23816
15112
16497
50836
44619
4495
46226
26780
6758
57964
39763
53945
38882
822
26919
4578
1492
93596
17732
36382
21654
94041
13142
93501
12411
19406
30645
30847
7090
8084
36632
1149
46912
28876
31159
51269
59361
20783
57187
57307
467
38001
44735
18259
53749
34661
707
86347
5803
27869
30669
4430
12071
45774
31071
5702
1077
23348
7925
27060
136
20199
16596
72007
23579
11474
81131
16878
26971
31156
2131
23950
436
31128
7759
29241
1227
44500
43565
26077
24123
2206
38636
63805
10490
34847
6209
36063
55298
17486
4501
3536
21861
4239
19755
63322
3204
46464
95010
5838
57284
29493
12214
9453
3022
67739
17144
12616
64567
25949
89287
2184
32859
55239
33956
24011
40529
14853
4899
71280
59317
11727
352
7427
286
51944
24992
21321
71863
50094
24352
29049
11877
21889
1661
63649
5813
46872
94599
7835
55754
1412
41313
13690
4387
53335
7093
7918
1560
2032
31612
123
22646
67441
68784
1541
18121
19159
61051
23337
95690
53330
51687
23103
89071
14178
42331
25612
2194
100698
66352
30126
6799
81132
4407
58671
101775
33577
1526
62602
58008
15606
54857
32075
37978
13481
34859
18615
29642
39559
46391
67264
58218
3323
21119
714
5078
12073
13551
42875
81727
16654
22263
42952
12663
81202
13728
97251
6620
90165
47957
78493
41866
46369
4827
15958
36628
63018
11636
40143
18848
34107
18047
32292
14835
33047
87735
23048
73580
62917
7
7926
17194
68634
41286
144
65325
45404
33005
27967
51538
3804
29783
3246
81724
93280
62968
85020
9638
35193
901
73146
27350
40774
5733
7309
36169
24571
64990
34863
62
24241
37615
16030
91267
15833
35583
13430
6999
37249
78323
75401
57201
1934
15571
6433
23036
11156
1781
44411
56630
20914
64314
3649
18945
54044
47456
94825
72050
8351
12499
20890
10288
2348
1188
8339
414
77050
163
48785
7518
18213
90144
10640
825
7551
17585
10958
39432
17865
21801
4977
34052
80447
9705
2724
14558
70747
1690
7313
44527
5302
42224
2121
9044
31001
22970
29619
29631
48909
4488
40424
13326
2686
14520
1559
5339
40511
567
44731
95767
5191
75423
13607
80833
7763
18589
22682
29368
33494
65347
3384
26633
14020
16756
16129
6417
18057
3001
39507
38826
7450
4703
43711
20105
18286
76194
82002
10041
1652
8100
45953
949
91180
22848
20155
11609
88
8706
2563
33679
40314
21764
351
26944
28865
8999
42833
64377
9115
42164
36823
35122
15115
22889
11726
37954
2819
5482
55347
1305
6013
27938
38115
8856
41679
936
85505
30546
7603
4257
85243
2151
13411
86812
53628
4121
41417
98812
23976
78142
46215
57088
58055
33247
49118
3857
1141
4369
43559
63497
31963
32519
14517
12558
33404
4945
11606
19394
6319
57277
3310
100927
1536
76587
37402
55866
71
72034
77646
30670
102
51523
18918
28214
53143
43798
71169
20627
17771
71506
43020
59197
787
85740
94756
39183
17023
49250
64335
9055
74406
9579
10543
27185
12281
13578
15534
45231
12734
5886
606
6168
48071
64808
45057
8256
38787
29949
14095
86238
71679
62511
14867
43063
72058
2212
8504
3568
13528
90810
99643
35506
13069
32246
36673
51241
6792
12783
53766
7906
55626
18738
55375
11790
512
14695
90792
39592
4237
22297
69761
1029
2892
4480
11032
19502
62712
37306
37106
5035
81509
39912
19293
697
22893
8555
87275
41982
2052
37145
55718
35776
85094
931
7908
723
20608
19802
7677
6412
877
68674
17142
11741
16635
11171
10714
31701
12405
67667
17340
1358
3243
12392
16091
3805
49840
47542
19971
8930
12097
3263
26788
42297
42082
12041
54962
93746
39730
18511
38474
27652
31563
61066
38611
795
78528
17741
13746
2979
11924
17982
216
66199
8144
50107
5001
8492
76926
7137
63694
84352
8955
28410
84851
1163
3930
51833
60267
780
19431
7424
17488
55256
14210
39706
1319
8154
5793
52506
60438
10245
20380
12801
15016
45293
6861
64592
37546
80734
43322
5707
43273
3722
10886
92628
54686
22585
34823
13131
75684
46385
19626
37666
3227
15673
1515
33419
39401
3325
95853
20654
65688
18555
77057
9863
44777
1294
84749
12843
39536
11274
101
85318
1337
13927
54853
29352
49544
4362
62495
51472
17867
12954
19994
880
5037
13320
79753
40223
19519
10788
27196
88565
2181
34268
28403
1698
36212
95367
20053
19144
19178
49038
5197
43878
68916
7456
7030
30147
21666
81842
20922
75662
16780
812
765
52975
6463
39415
115
6382
74221
48391
42857
33955
18067
22740
19129
15772
43343
5177
41913
41243
6534
18388
10141
30281
34147
3201
33549
1430
72446
79742
53877
21410
88715
24455
70218
49568
29715
90427
56196
29565
5043
5817
36049
80474
7692
52842
12014
4994
18572
26010
4358
60341
39904
35852
39921
44097
45278
43872
13687
13080
5403
44850
16699
12065
82223
34683
58662
43965
26784
8041
21018
33340
23066
14306
5045
32262
6555
36742
14802
37542
13286
19253
54018
67049
23881
85741
23241
91958
15755
43096
3234
58833
5787
48908
171
51030
21890
17389
8009
13040
41893
2275
21616
10412
1404
60363
24218
45076
20003
27455
35897
20976
15610
50535
88849
9374
83279
30901
4044
2031
10994
11664
20405
95559
7785
2148
1941
24286
73470
30881
1312
64590
35970
440
29019
14827
35112
56
39895
13367
16962
41015
30
31451
63546
21072
27671
3042
42352
16538
28473
1893
4902
59600
3210
3240
429
15081
5893
60930
14423
7735
46758
27272
26252
15627
18015
39005
18190
6358
7844
52862
3640
73341
10878
91370
48288
9183
5629
48703
4708
10320
59008
61612
2087
24372
66676
43310
14192
53494
6295
3064
30737
35965
63797
39790
12601
2157
76
1129
43303
75536
633
654
8394
84197
59836
95793
35024
21728
107
39647
6798
45821
84966
23760
8261
10720
797
4804
78460
13661
14439
99170
12916
28950
96222
10075
3560
426
49693
4363
6583
35273
38163
9277
29596
15
81511
3545
4258
2147
31439
16468
41716
66372
2933
19492
7439
42842
10012
26993
67346
24763
8881
33554
26826
30181
16647
36495
31986
54082
26833
52638
65328
44338
21002
514
2477
91225
75396
19126
12419
55847
30905
93329
1351
56820
54553
93786
9045
9556
17034
47489
65191
5277
88427
56526
30360
27703
51815
96176
1985
52708
19533
62614
37985
4601
47427
9594
35202
57417
24557
5732
55146
62173
76439
38393
85472
37080
4222
2264
60599
16807
27168
37158
19642
69651
10256
71117
58903
64887
42245
52196
17913
26
1064
26910
17793
54692
88569
10652
46048
994
475
57135
16112
46216
25433
13269
38384
92530
52804
40517
58501
44156
47217
96421
56599
8730
11909
47976
55734
12578
9595
36857
226
67968
21711
29915
51876
1539
92380
17160
29517
68942
19177
72057
14472
27343
58179
2305
57457
80225
19114
308
6213
68
11244
5022
73118
30644
9538
5204
66604
42086
16502
41162
35078
5036
15065
17613
2215
11447
5528
58875
8708
15939
9681
60573
63956
18295
5408
3582
94371
99503
45726
54319
57339
5640
18081
14287
21203
79184
19297
17344
83469
87494
72759
10305
89782
19767
7639
17321
34767
86689
2421
67290
67117
35165
91190
40912
3367
52572
57841
73728
20370
101840
12806
9273
48883
8887
29686
2565
8535
2842
2063
4949
15823
41113
24996
14787
17039
16721
59342
68978
18985
18113
47578
52414
3009
51357
9305
15662
32522
30990
2229
40941
35915
41747
88669
14777
31716
18328
10665
5338
90276
74280
101598
3105
10653
34864
75709
12456
71198
66136
55679
9448
3326
23123
34930
73547
12745
7454
4538
16443
39987
4220
63429
