7727
94147
8295
55829
8524
61765
17675
12638
6259
53725
6439
54699
89566
19565
40763
3175
12502
66412
28055
66712
80908
90759
60650
80581
64704
35955
19617
93389
63384
31345
48569
27488
20149
93407
19416
15981
15486
1958
75880
88705
30801
14666
69211
98582
69362
49117
10680
42388
54624
82621
11242
76981
7923
86045
36232
73931
7613
55042
12740
17202
71662
45691
22930
96341
95281
43521
4010
61773
20512
12323
96411
8447
4837
54835
78516
81203
98571
2036
65422
74561
87085
18209
12923
75739
70386
78870
23319
81599
5476
39640
8760
13627
96686
39983
8386
28007
6515
3658
746
66003
40777
7366
2489
100424
31564
35909
26854
618
41560
4856
26690
12959
98622
26563
2345
17359
16870
1435
4929
24824
47796
46412
38883
73559
6926
12872
590
73374
5015
25313
24327
7344
8629
30580
95300
4764
42187
26911
45964
55086
7263
7654
37320
27937
30482
74094
6751
78240
266
7496
47490
25104
10820
38783
8688
62566
55397
27349
9382
71859
111
86577
95687
72224
31644
40210
3270
8718
72624
74090
65237
96941
84942
30277
18489
96441
7025
315
2271
95418
4788
75960
91670
68552
42458
2995
33443
10388
21623
84875
42147
19633
85311
17933
90876
40371
49656
67081
15742
14223
80347
777
90994
10867
34218
13944
93053
20903
8919
47353
26173
6778
40746
27944
43083
58257
7125
87054
47877
433
16528
59958
40036
29737
10925
52648
11306
22002
28988
1173
27936
33677
76111
65444
22863
250
7752
20571
32822
3702
7822
4106
27465
80100
45107
32524
576
60554
17095
25895
29903
50765
6241
2945
37976
30679
45260
34554
201
881
302
26267
37777
57268
97460
74785
45674
29060
95197
9892
22429
52215
5090
35037
84045
46242
20864
2677
17018
16460
57478
62224
25626
52306
21395
29411
38306
88605
10418
56806
4943
14575
100866
13804
35163
26704
17985
13893
65330
60855
878
82254
5540
28017
3901
68440
18306
101288
38184
26404
24562
52
15821
66128
18471
47709
37554
24242
7846
8130
1278
11029
15050
16136
55928
50785
92610
50710
38406
45015
25141
37090
42931
92630
67616
85249
80831
64817
3718
13137
78386
8859
88162
43132
6721
7452
58084
7886
29388
76173
31576
68441
69210
4233
47971
2723
44678
73
54874
26554
732
17812
40969
18807
63025
8085
617
1051
48572
1035
27391
7173
54038
4438
10342
4097
99675
39249
33337
11337
89410
9852
19451
8662
36323
55837
19539
83126
26670
91354
30760
28237
13144
43713
8102
2030
3629
7527
69820
8116
11905
74359
16939
82
69360
83515
15761
35178
77584
22184
19861
19103
38269
60665
4340
73209
66595
29666
90752
58212
29300
67461
44898
84550
83523
43744
14873
13768
8232
98233
74445
76994
52116
66534
7791
61748
78949
294
5009
2740
8595
33101
25696
10268
59647
22744
35993
39378
25916
88939
6830
44169
14351
1153
32297
326
41005
89785
14965
22942
28231
76920
3678
59000
11005
2920
51394
2279
80321
15722
69617
7963
22984
43752
41344
29179
9189
75760
8204
23570
14383
42549
76427
25652
34840
17301
69951
15493
59500
38532
91739
76489
34991
40699
46717
35260
74067
19247
10479
10624
6285
19882
60555
43757
289
18009
49012
983
7855
59827
57005
4525
3333
6395
65409
80804
15876
75430
45973
11719
61953
89430
39897
29031
53
50969
78183
8388
4147
21560
63182
79674
34592
40882
10438
8768
22007
2108
2593
11575
38794
89905
39771
92416
1195
94116
85727
6265
6345
5644
19150
97719
13683
14620
41161
82913
594
113
33833
5250
6535
66004
29869
20954
5284
68804
51041
4050
39906
9853
4416
31261
18964
4484
42662
44837
11010
6055
9488
2721
18523
93355
36724
13851
74711
13774
32875
76177
2013
2167
2134
58386
31021
64890
17834
6800
43780
24411
26437
1471
22391
4098
37748
79137
30040
87216
81523
37200
63670
49738
33118
84806
77956
81271
18372
51420
3190
81491
1575
33046
42532
79318
8336
44353
9784
22549
4890
13563
30521
20161
60121
6969
54891
25988
41006
20499
14728
71775
39148
45949
24589
1814
8983
10254
74066
45961
33344
29025
12701
32417
99073
17902
35826
23759
47901
7612
67200
48373
13660
18756
16074
39158
3730
1644
37698
100746
2838
16915
457
28143
50904
44861
6349
40543
34016
101357
36256
50920
9873
80129
88968
13531
17774
52631
4013
4709
60306
15445
15383
95344
98686
15791
88737
47777
51263
4942
14569
58956
277
1858
26431
67277
12790
8903
68650
26736
60093
2611
141
96909
7849
46419
37995
35082
11980
4017
12489
49841
39237
49851
305
13595
40450
61265
24143
31744
2981
29355
56255
36808
45399
35190
48797
43526
21082
27960
36977
23191
41453
10885
38902
8026
61521
37169
30557
102274
57944
25183
48898
49550
33891
23292
71876
139
8013
26952
41687
15436
24301
28732
75639
57212
14968
7843
37769
87501
26759
98969
25767
11314
45062
50418
16641
3132
31123
47222
32786
43790
7750
78466
39636
15712
99676
46251
14882
31243
31638
48246
6304
1659
36122
28484
18292
18134
61775
38964
19292
13782
42572
12534
33504
64183
1291
71667
8036
27695
67869
71941
19484
13731
67216
82147
4825
85865
96525
62331
67375
56632
6008
3115
37170
20930
33938
31687
26334
81274
47708
5616
62275
23540
16592
25543
10946
91482
6532
5553
1868
29723
62203
7284
735
3665
78467
63899
13749
66177
39495
13541
46593
73186
68795
40915
25727
200
67917
72772
77846
84002
57165
28892
55460
37192
210
11864
11588
79110
13730
1738
14640
67484
19572
4061
11471
50405
28914
39404
6264
67604
18106
5205
56263
59092
33154
14828
18794
20557
16794
63756
53194
11482
67098
1813
42088
55858
245
5965
56798
70110
15306
20112
13826
21802
42034
17817
62186
52559
13401
80602
48520
65103
5101
7605
10409
2317
32649
11711
42623
6338
42110
14063
4700
34004
89846
43373
29340
43447
89650
5406
10681
14789
28849
50580
72855
13127
71490
4219
20456
8542
62559
11077
57604
90149
16834
75794
3597
2510
15961
37877
41726
3176
21222
11269
61790
89666
12903
39877
45906
52476
2281
67268
77179
21815
43814
9790
4543
27443
85972
15529
81609
27764
34275
76596
7349
56602
7524
7574
11788
25718
3699
27148
66949
5598
73541
1304
9391
13233
70884
46648
89136
17808
98980
2301
6268
8885
56466
48417
16812
7649
14000
2940
44264
7432
18105
40749
52212
71412
86609
23067
6160
57480
9283
214
53074
13764
81639
8530
82047
12637
7010
93741
8311
23230
10789
54329
80452
4507
74794
80488
35038
53491
37799
86192
44058
40333
20624
13136
28312
10207
75327
3091
1535
11259
62987
101595
78221
758
5297
73115
77191
55508
5885
4014
43114
89917
31323
55688
68084
68865
56008
6474
47666
39806
6796
31453
32791
99223
14323
1789
20345
2782
8949
8396
8751
26368
54083
759
36163
48658
132
20418
25625
4187
13879
55288
33801
66263
10368
31
6745
15707
69513
71951
2950
10806
2402
6579
56518
40756
38476
57935
26238
67377
29177
46490
54814
23700
22812
38574
32729
61221
67126
96049
93277
29480
60697
73710
23619
30400
17280
16156
4928
23122
1967
26170
90817
6263
16328
29582
1561
1413
255
62372
11743
38566
41075
94074
11084
32837
71489
8948
19284
1015
1403
80873
35661
70686
58791
8994
28912
44323
38392
44803
30635
29007
79219
75867
26184
18128
20172
20641
19581
28737
63754
2276
22912
3510
70940
26709
54677
57205
41342
1068
88220
61845
20764
78498
8088
4027
6092
44968
37859
3090
69418
11797
13961
28639
14011
13642
8624
55384
19586
35692
3769
4324
28144
641
26655
44307
53538
1857
58934
9533
234
58618
19667
10162
50564
64093
2600
66059
55263
7414
67910
33642
10455
37436
29599
94544
16697
56217
31190
10437
68208
83739
5712
25579
48812
3561
75913
49278
23708
11085
49188
93718
79950
3962
86859
2831
35879
14735
36210
18318
62752
7549
74842
16894
3674
34149
18791
2988
1863
26804
80905
65218
52208
37889
9632
100459
25992
22090
46733
44004
13756
59460
15762
73654
15699
10296
69037
28283
54816
73632
5242
831
7275
55366
67393
58844
5166
62222
54050
33890
21215
59822
22434
6707
23028
1722
89889
51294
89717
68308
48138
16708
5958
5048
100046
16923
26843
9608
98069
56777
65561
36461
12296
60502
12236
37879
5860
77079
22553
3788
85172
96555
11315
75308
12482
2302
48778
12764
10628
18582
10154
84175
58716
13517
76900
84378
93580
406
13703
27892
3875
33529
12269
77627
32
58131
28359
802
57626
33274
52234
73445
38226
664
37243
76307
101543
86675
41492
36764
9307
31391
69586
62520
18329
59087
143
75154
14032
9202
6246
73665
6352
8921
24236
41233
39984
43627
42117
6162
23654
58701
42495
1951
75386
74109
38217
5851
85690
29404
6333
95555
24375
24608
5920
13928
39484
98596
83550
29860
46372
14869
23865
23056
10742
7521
13420
13707
31665
50606
44529
15396
27843
74418
34593
31030
23593
4117
93346
50525
77692
40384
2282
8001
21575
81886
91462
791
40673
87971
43071
87553
3753
30781
3825
9834
23466
6779
47141
72717
7786
86033
98066
84600
37840
59077
48310
54561
1076
42251
58219
23699
7288
42430
27653
23414
36105
197
14862
71518
13598
55352
53368
44645
24249
31674
1694
13787
6563
35784
7098
12272
12235
517
27988
55551
90181
6247
68574
1344
4724
7946
3293
62869
12643
90569
48910
92183
79
67610
22519
17951
6214
52719
35555
6188
88511
17374
54556
56694
51664
30359
61296
56992
55804
29833
47595
27230
70693
70972
42345
48040
2299
6673
81893
79249
32715
81605
6437
5524
13138
37445
65558
82331
2469
18334
5503
87918
98083
47393
58030
9767
44538
11038
88671
37853
2401
21494
73759
1757
6840
2425
96581
40431
98688
478
22241
28401
35691
38026
52298
2156
51025
58500
44766
19849
64046
142
12722
21381
51841
6273
8494
8023
13591
37619
3238
46791
70492
43312
40826
30960
41651
79023
24181
69742
101794
29105
34747
20334
45690
75245
7706
16580
60360
8522
36516
27956
63247
11920
65674
38341
46019
18276
24038
50956
94610
55041
6567
12762
10764
44104
66232
59353
2584
67658
44876
1665
13379
32061
4936
3876
14555
8354
53235
92179
48618
79378
15552
10053
84924
19932
2684
28763
34032
43835
66699
16524
64760
18701
7985
40579
15458
98229
50673
18605
60507
8107
43998
84338
64
44417
40358
17400
76361
55925
3650
70198
7804
14658
6888
20786
34821
67381
64343
54735
75429
23180
52701
3045
52028
21755
37685
55110
34711
4739
9064
61897
93214
89514
40557
98809
57601
31879
76481
48709
19487
30173
7016
55938
21471
29408
59873
46594
11185
9756
55775
101445
54689
8011
68915
50322
75748
19806
99465
73102
70221
90118
3919
23306
95839
75199
89551
19315
8346
55803
293
6500
39681
10656
29419
83973
42186
20785
59374
14733
4312
13552
79772
27990
51324
44458
37300
41818
11892
67810
274
50582
10728
6353
38832
14369
30358
17019
25026
29711
18469
4146
39204
12428
36580
13805
63764
29537
61374
83850
18337
206
42656
2135
6257
63875
13089
6742
99028
18346
80046
35047
18228
489
98965
31342
76369
11024
78
9997
6783
9186
10489
24367
53925
21151
5074
15444
94237
12485
29485
501
55890
164
6609
17986
38
66700
3069
2258
61376
83464
13835
9791
59795
798
49307
11363
38385
38871
48638
16643
39689
52587
1014
5871
63514
17904
92310
20505
26763
58677
71214
18045
6307
34764
9187
83825
98775
41950
9191
85420
97567
23245
52560
11155
14626
5668
16399
43434
83305
54318
42287
21679
25806
39124
24456
34124
63023
12798
22547
51120
42
91329
57475
24649
17456
21259
5159
18516
97628
31349
79024
82944
24623
12917
3078
37328
58859
36467
31093
10777
19605
77480
42541
4068
95965
99426
6025
27278
31046
35360
81986
29076
92302
54451
6496
14783
55222
6432
13433
11808
6047
13043
88556
776
89819
7753
51995
4602
32742
9645
73723
7576
1527
44533
10444
6593
17640
45066
36337
48838
24233
1060
10493
1486
6183
49359
67538
7931
80156
45309
26883
81140
3044
19285
5941
8628
13208
62430
58224
11551
53488
369
15904
25707
8331
28180
17821
219
17824
17519
43160
41761
13684
43523
54471
988
28103
50957
101003
5134
4217
68660
54964
43641
87783
6471
53795
9310
28830
215
199
77863
23284
72424
76901
67318
28400
83979
53807
42069
63
53567
41354
70458
86447
5742
80291
47484
68882
26980
93850
41098
74611
26807
8709
3847
19541
89552
29547
20803
72403
50670
28289
79220
3998
57222
31833
80086
36952
1125
14972
5314
5241
5034
36096
57446
16466
3110
96959
67085
31849
64355
60946
862
50665
89892
3337
2840
889
101512
70273
83334
25865
1606
92611
27499
48912
79522
43881
6533
92500
43706
14395
22764
71472
67714
19367
45238
63339
21327
7522
14977
16993
66430
15149
52748
82820
248
6716
97196
37
89060
41407
50867
57134
10220
11491
32856
12307
43985
43653
1596
3324
83144
42106
31637
14872
30051
34744
89213
42417
50711
58319
6537
3777
95175
31115
5765
75052
4789
40830
19998
55135
14248
42772
9485
27482
4640
29413
89504
12094
23913
13630
46303
69762
27354
33263
93089
96907
46746
2583
28638
35774
4993
45181
89562
12651
5703
20726
9484
60547
67512
4686
57661
55332
98847
3390
9569
33621
2908
17791
7885
2220
48708
7737
22855
1688
26749
2705
53617
1451
101385
35106
65882
13777
56984
59162
6518
31705
1855
28565
3872
41
20019
35505
45916
11236
5568
18466
50326
77369
42254
43616
47897
92007
41351
807
35507
23793
19834
41043
14548
37533
21873
79997
11891
14940
35639
1775
19933
35989
45126
54
1892
11206
31982
49237
11734
28575
101154
9501
64413
3679
4515
54374
8854
4921
22763
32014
38056
24402
53723
83618
16229
12538
29669
27241
51753
85745
3200
99059
18115
45729
12958
30602
6475
14579
32826
33761
50115
21778
1182
8678
58936
42333
6277
3513
56573
42342
47546
2715
16291
92237
33043
11991
32743
8884
82302
19419
5804
33502
74306
8358
1632
11009
68309
12931
67002
16945
3959
46049
458
84075
9241
11081
50872
95927
19865
16147
13500
13656
75432
52167
35550
93785
27191
24132
8952
57830
44107
31574
21913
29430
24320
41081
16408
87431
7504
59838
52691
3146
15757
7914
96848
5658
4313
82707
29704
23426
94463
55050
20390
39363
101540
23978
57992
13213
101634
67510
7674
32947
62322
37025
74465
62473
35304
81528
67372
2016
98306
678
58904
69151
25871
3426
85937
80025
52533
74365
90525
32056
90016
31892
89515
55308
61818
81895
72681
17307
13404
45727
1946
2951
16597
8643
74710
16860
10202
18612
41622
95624
13608
20386
11542
8989
33809
8408
18793
12241
7140
13649
70161
19286
26902
55537
63434
60814
26033
117
85970
8821
78776
57948
672
1748
71231
6006
21024
84487
17186
65094
52117
1851
45300
78975
95411
10829
24507
83093
62062
56572
87202
1542
27431
51626
90079
25
20899
68530
49396
2570
47403
72588
15872
4846
97718
63851
104
51942
37088
82959
3516
92411
19306
321
4238
75
62063
45879
57974
18602
4190
41179
19814
97600
64998
3131
1033
1236
25910
6591
4431
17662
806
60549
24029
4688
33944
21720
9970
81036
8646
8880
56857
46017
6942
15580
49803
5431
72325
38530
50913
6117
54769
57100
57880
49269
87607
39950
66355
91699
19324
52006
75799
66974
37681
42107
12656
50186
33898
8226
19259
55556
38245
8909
38541
6648
73758
10662
21130
7190
8947
43538
20883
45092
511
70347
462
53203
9604
37001
76058
11646
280
41381
6589
57306
80427
43489
11365
61762
946
5697
16760
24037
58526
12076
23436
39392
41457
24517
4648
10775
26035
29667
10954
33629
33873
78588
16873
56701
16058
78993
45215
1006
26028
60389
15312
91319
8344
2948
6450
48659
17807
29344
18162
68202
32024
4979
60256
20509
22808
63188
8554
60895
27327
9006
3725
33843
65917
91621
1206
73978
7877
13011
72554
20570
12685
54371
31971
42398
67212
70374
9662
44962
84545
2877
37875
2350
93492
17541
65300
10854
20515
31569
53691
8953
64156
61299
25904
79148
37697
79799
72830
73055
23854
5907
35079
57650
39891
29988
10961
85999
28990
30733
70054
32492
21383
85715
2829
17744
40282
92419
10036
41533
47034
97704
59463
40792
77946
10410
15468
43302
58331
8238
79231
14462
30854
14385
81133
42115
54566
56342
93
22649
33974
43950
13078
48231
61327
43508
88899
90178
96631
88858
63848
50225
96100
99328
13952
11136
59765
6340
46676
80717
63681
273
17856
7050
79307
7391
78124
80906
56361
82352
46308
82196
1429
24671
77230
31112
5795
51016
27578
15261
1720
7246
31784
3887
33620
17883
42903
46814
39440
19886
38408
12457
88979
5038
100340
18815
15435
11074
10359
23021
39279
11526
55599
16747
55746
21270
19439
5497
24791
9035
39295
7704
53100
79825
6015
22124
73949
59918
55874
32493
89137
43677
9359
18527
96617
58810
84957
15914
55474
13273
33083
96337
18413
55538
66242
33803
12838
28552
15198
51958
29425
27734
18417
91443
39671
484
27149
29712
29588
76160
20197
51517
37824
18125
55650
57009
42184
97063
12085
13012
9150
73217
20701
27973
18312
8214
4051
87797
12928
31157
42252
1199
10897
1869
2095
663
7497
20401
55187
64549
43697
98107
89866
15325
4496
25557
34911
67805
47684
78196
47958
51554
455
96031
7423
5
63673
64637
1503
57278
43163
51684
21656
39416
51440
18982
9616
43323
10264
46036
2982
51057
22446
9644
39675
31337
1157
86079
19733
20144
41450
3447
35685
82937
58857
71805
49975
55406
52814
36235
96495
90345
7662
19512
81785
61047
89339
23863
21000
101497
5554
75795
5922
75641
93559
68840
84373
79837
58379
39614
6312
26440
20643
23139
30911
58725
30791
58168
15780
2183
11329
9630
4392
80155
45323
70267
47648
14573
11536
12620
61788
9178
76294
97516
40
14843
1318
43026
3316
94350
8929
96447
49180
66789
77474
16307
73037
74730
2234
38993
62756
49533
43986
3966
14109
41357
54847
53011
79451
69282
56913
56275
17360
4915
6221
53639
48611
58363
32494
65602
60582
67843
12575
56604
11853
63478
53888
69681
3393
41523
1511
41603
18478
6339
92717
56271
3717
8865
94077
60791
30959
21659
43939
3533
37602
59344
14238
46506
2550
7526
525
6905
72541
14128
58657
12129
44212
86976
76317
73770
1798
86856
67648
651
2731
39315
53589
38679
73231
1832
25979
35230
59972
42119
36491
88366
19418
92227
60097
27113
34553
9034
14637
4556
22723
64430
94236
36612
46684
22039
61340
56886
10477
57931
5194
15655
58002
35571
169
2795
1131
53831
19655
4283
73727
48934
11042
60352
18175
85956
39641
57736
43988
41992
9786
44776
9419
99867
14030
62682
3172
3122
26024
5076
28256
100839
16963
93839
52119
73339
53893
62346
40288
3543
7658
47082
96502
25989
41595
44160
65566
60465
43130
9509
70018
3269
4171
1679
5453
29261
21420
4840
7412
730
33558
36043
41883
5354
49640
16496
6202
8316
61859
69071
79899
13829
10003
12449
93092
43221
13685
20626
3575
83018
44108
99758
84220
78001
80490
50715
22832
29206
738
26280
14397
14878
56027
27123
3972
92787
13484
22955
50698
18146
6373
78172
22712
3933
23829
15893
637
43836
32765
9605
9846
2878
75313
13216
38637
14041
41573
35244
35919
49750
3766
88615
1142
259
73550
96
26143
4388
81107
11248
34960
58017
17364
52352
20189
83572
21685
35361
13913
15920
6300
12989
29171
46781
9764
19044
18634
55304
26345
88897
57102
52797
10863
704
31329
85379
18630
7833
32700
17833
51777
41817
5927
60803
41894
56160
6401
57842
10713
38962
77124
69331
1161
43019
59335
32436
64043
32816
78759
3784
74968
37545
18071
3934
43839
623
46027
676
9865
34663
21589
44770
79041
23697
30992
2588
71678
101347
101714
20540
51631
67307
62708
94084
48363
46043
12922
91405
79241
40653
88488
51471
19968
29350
71011
64504
52763
12228
61471
597
48106
16762
29524
1889
4470
18577
41388
64923
6364
10668
3317
5003
61719
7176
75367
89493
74132
13146
20280
52079
21757
3486
17388
42855
62066
43326
8682
6296
37761
65024
61233
45718
9721
63209
44
45312
340
14502
78550
71913
89341
29939
53471
24956
32452
86261
22239
48243
101222
30730
11203
75443
10695
29492
50425
83141
6153
26486
7971
101927
70207
29074
85912
6677
479
42577
39189
16947
26132
54564
9692
4842
41602
23165
2078
30455
2742
2743
86252
6527
4818
824
51770
772
74091
5463
24047
25785
39761
49703
20465
1192
29777
13802
81467
55278
61948
14185
45484
58023
96290
35816
18449
14860
26333
5919
8200
87511
92159
3251
13060
10744
79795
88270
15526
85759
316
101778
76165
48500
49322
46857
9041
13719
30772
34051
11601
2023
41293
18360
93425
76131
23984
15892
15717
50939
14401
61898
3070
3819
4505
5748
29183
26183
91768
82581
1683
24496
15877
31639
12623
31392
76738
731
54650
26677
26664
1292
3691
93363
29170
6559
49981
7676
6818
15630
15196
89978
17423
63900
82545
58458
97150
49842
59122
1780
4759
9051
52864
14912
13769
22773
13800
56407
21430
24810
86803
12114
28879
7201
53349
35134
65881
14231
44043
54115
71874
27333
916
102101
68968
67572
48543
4726
3941
58476
68591
91230
66536
3932
51509
1818
26293
16840
469
50252
18103
25315
35606
12335
77847
78707
25620
8710
49615
19111
7734
61316
11755
17588
14370
4160
30050
57466
81393
41455
71316
82121
6134
1101
14884
29526
77109
11979
98592
28993
18166
92609
31020
33982
42502
57491
8645
50341
20441
14281
48919
14198
73848
2654
41746
2956
240
62749
27073
32465
53939
134
13860
46514
18766
1228
17921
31419
17455
68033
44050
99
47448
13519
52857
53577
7905
9754
53560
11054
188
101948
4667
68713
2914
7481
88648
56364
53039
70165
8737
37907
32939
6335
50447
5936
21288
71455
156
99836
39188
30628
3905
89503
3119
6164
984
51869
32305
36737
16505
35910
15857
18535
13762
17599
6130
22786
90062
62761
28233
5279
2978
21594
13593
8282
8832
3540
80638
54731
71927
61837
40764
39144
67824
20652
32391
79835
649
48886
4208
6097
85067
38565
44208
89385
13048
32383
4173
632
35918
57554
43801
27448
61193
16682
12081
14596
72810
1558
58185
16959
72145
13810
40558
25144
8482
35969
962
31069
27550
5081
42940
94568
44084
41189
46323
45689
17003
4523
13871
33814
2548
61424
102054
46578
14438
9099
59979
28615
61230
21334
17249
39890
29918
56736
5792
47263
22588
98732
3259
43700
16876
9905
26519
88964
480
29534
8267
79202
2549
63633
70491
52744
7419
70243
92093
39387
24290
20717
211
16063
6242
26676
2896
9831
67282
9489
52737
48836
8946
19405
64761
67422
14
6786
40963
2973
19816
24068
4808
43027
4410
46867
50793
47277
65200
6789
14705
194
82596
18322
42604
61420
54730
14004
41767
67948
54380
26516
77148
283
87752
31727
95270
33198
27486
4722
62711
73881
39917
71023
31356
31929
52020
86425
68120
53490
87227
900
4931
14017
52504
11620
19142
46616
45650
80802
20508
79589
95603
102392
7356
34154
5719
9039
52801
26671
42513
12248
21863
66918
2240
3956
47956
2329
45038
69347
29149
64360
55728
56881
49527
78646
10287
33409
85773
56724
51848
12986
27672
359
83320
50209
36645
38799
87324
40693
30207
81382
12191
41781
4199
21244
97037
66348
46166
31902
2077
72640
79541
65163
91234
89950
18140
3958
48685
33728
5293
43716
30983
38356
73412
14635
2949
7248
20186
496
50834
5814
8497
54376
43176
16908
44423
48701
31144
20136
6343
32288
12063
40684
89184
99197
54973
8380
88499
66605
77991
56490
10864
48104
5054
14359
63579
11849
52131
96618
53822
51575
94165
3816
30045
6231
18515
7777
75116
13640
13165
100246
44568
42543
35753
1322
579
55017
68404
18503
1288
36185
86339
54393
27531
5168
39962
19593
88440
16017
68947
6111
24508
4454
15943
13073
36149
86328
73918
6249
85415
11
43589
2106
101035
88938
39046
82289
51185
61142
90599
97302
41373
57237
17103
86210
2260
1194
488
86673
64440
4868
2722
88472
36675
7988
11901
77757
14012
21254
3622
6744
94268
22346
16061
87539
74825
31730
1911
89033
48842
29722
43080
25314
5627
72646
14289
16511
32207
47857
8661
9230
12317
16605
5900
92431
19172
52182
3165
50390
29356
61860
27875
51637
5248
77587
4075
13534
67022
14237
33703
10383
11712
49339
44943
19722
51801
75647
53031
805
14761
99172
79279
365
29137
26001
84857
3268
13688
62154
37920
83030
39930
9364
97928
67849
29586
19826
116
57081
36050
2434
57602
4181
57493
1
17957
19528
4946
2060
43427
70128
62552
26768
29257
86324
72257
154
67740
38007
671
46406
62377
73295
54909
8042
1370
19051
34193
3687
56281
46281
7751
73166
59517
9380
53786
37295
15744
19584
57647
17358
14995
487
12580
55013
24601
80266
36900
68570
32382
40096
99517
5953
53193
35752
13594
982
86902
17113
1395
97331
854
9317
51293
3171
7566
77462
44722
1326
39665
38909
52574
3815
35962
15517
49901
8411
69663
19884
341
7167
50404
32273
102393
28586
63039
45816
77523
38851
52799
34074
55705
5891
73784
39086
53830
29701
53445
67142
57368
22966
54676
19317
11802
72064
52090
28504
7385
50817
20096
62321
79967
26800
4807
37948
8969
44864
42767
10702
37910
48456
13547
24
101945
89
33448
14447
30407
3035
2987
27895
18940
28167
70329
20190
59875
9574
2456
4322
59596
10798
81517
29828
60684
83061
7694
13674
7495
83551
66113
86409
83670
64300
9017
44330
49141
93557
93765
98785
12142
94095
39550
19098
213
79993
44499
100010
16514
2980
3961
99098
63449
16486
88928
21296
52986
17614
32373
72553
35763
9401
18176
22831
83888
49641
42546
26991
39223
24351
22797
6452
86907
71638
32089
93759
6443
41130
4432
23514
1357
21172
27255
63668
52679
18726
15585
62016
46979
23259
9314
83435
1609
71893
14478
28686
58411
45520
73821
565
93623
60944
47101
7327
67423
1475
96009
16014
37672
4671
14644
6169
52487
1005
57817
30457
7114
39936
69896
100785
19066
925
9860
11389
42334
48178
19443
73504
47657
88550
33892
75563
13741
11238
5878
56376
89013
8329
442
36820
46645
18676
58367
84782
42311
79868
49150
474
49971
78877
32270
91969
12020
16571
25924
581
2673
9308
64723
18396
48890
33702
8432
8448
11022
18300
21297
59624
56797
49569
58557
18448
23266
21351
2353
40478
66275
8393
63298
61146
19999
43216
26192
1653
13184
78129
7519
38120
61081
52412
11013
69662
65375
3440
13972
380
57477
99132
41879
53000
83420
58128
59186
803
23370
22810
41419
49564
30333
810
49749
13010
42641
22652
12547
75045
44723
55490
3162
45492
36626
5718
30780
3808
47081
80006
5437
14769
44041
3261
39036
37217
59163
77259
13721
56095
51481
3701
44992
7256
684
19749
36655
15729
48855
12365
1067
18049
54642
11485
18906
40071
9906
23856
76394
3166
8121
24377
3186
5947
24437
29916
2360
79520
37645
58026
89191
3180
6138
19694
17433
34929
8819
58874
64336
68196
64045
556
96703
4672
54589
18038
87512
6506
52845
23326
24175
40959
8484
8656
50493
7449
27699
26691
38035
93533
6088
9399
8623
65053
98962
48589
28122
28953
62305
7012
45012
80361
8104
88735
4961
69445
25918
44970
48920
53175
68101
178
1918
15246
52389
95662
1401
82414
41547
51466
21763
39096
42348
2999
75604
55797
10232
63183
70200
67598
38162
38715
4768
87289
3633
449
36
45284
97566
42843
52968
42550
57221
9036
42477
7636
30693
28934
12570
20391
52271
28247
80862
9119
52357
2990
24141
15043
8429
9866
91183
19737
31314
21884
85980
13866
30884
61321
97619
1687
67229
38144
7257
127
571
4678
3566
26504
50496
943
64948
10106
69490
8498
79300
75296
25662
15094
41251
46304
26610
53869
80125
88551
4799
3667
22
7431
49157
42288
11030
5207
477
1048
7857
8594
6874
13966
42225
1069
24569
13968
89780
45391
66014
10682
62658
26630
1744
4225
93570
55957
82307
5590
4467
57854
60782
13
24908
328
1841
38201
90748
1001
3353
2817
8536
23458
46277
18380
47447
13994
73421
1189
30367
20805
72431
69575
17955
45007
80354
8942
8847
87121
65799
22453
50183
11076
1044
2739
19496
98307
99462
7308
35415
2952
100305
25774
4170
10865
49003
46322
12945
73315
30538
83752
398
29182
85019
62124
34421
6174
28740
6516
42663
76297
1238
22572
52067
20193
84074
43569
51166
43284
5104
88621
4434
52661
24398
33125
1801
16145
26060
10153
27891
15508
43642
32753
45438
30208
23363
29000
34928
48710
23674
44082
57447
3607
12331
86400
85335
10654
13143
82109
68089
3262
2708
15785
8863
101525
23004
14790
12669
72135
50140
29362
25254
35447
66988
3588
4740
8964
54912
12452
88424
54815
12462
11196
48984
19342
46467
76532
61965
57244
4819
8460
14909
17581
52549
50149
13564
1743
40755
2277
58177
65734
5700
16707
98862
57985
35118
5995
29367
49446
88182
39294
4396
42625
34931
81498
4701
3218
7640
74855
31176
5020
49595
43685
82452
14294
2109
41829
61153
39037
45875
51
20607
61950
94942
22673
2566
6837
6189
62288
18297
5282
103
40891
28255
12827
19316
74863
77001
42854
68098
55827
14163
90942
8568
56650
11486
25691
28816
16811
13853
36958
17346
24535
51757
20747
77479
79111
11978
19691
85233
61910
59287
10275
61346
80145
16650
42470
40694
7057
100888
41328
96829
16572
77350
54336
2554
56333
15070
2628
1491
13128
78865
18199
64806
59606
62235
84323
45374
41834
2788
12845
91779
27407
1791
31826
86100
26294
51711
21985
71875
63625
992
65171
18643
2141
14883
13396
8790
51283
6207
15763
48320
35711
97295
41369
68156
1070
51393
10297
69117
16516
18302
55675
2254
4128
10109
64992
12219
66
43928
55160
45397
95952
52019
32379
15302
34891
3106
50714
100458
33085
157
13486
21486
6275
84551
17350
13887
48254
72425
10300
74582
3688
10448
16727
73163
76801
2362
21968
93948
29001
86485
27819
58127
569
29253
45141
12198
96998
57332
24131
9203
1565
89296
40616
45123
41609
10900
6002
9530
68460
61787
48051
73987
39080
1543
8008
51373
26410
63833
6328
39613
54180
11906
44328
45876
27005
38324
35275
3472
78705
195
39000
9054
101850
64598
47390
5739
36562
80007
60023
9126
2538
39093
33884
65092
42812
4673
3928
6258
92505
6928
32541
32266
25126
50254
92969
19943
4409
59714
12431
67550
44409
44600
48405
83889
17314
18005
7253
70025
73870
5809
34755
53621
29153
19242
95553
5185
31783
3185
10952
8950
65968
51204
8076
100408
72452
47989
44561
20289
6254
23446
75137
11599
21091
45383
11355
2033
18549
6112
1693
18544
44365
49498
31315
27383
18101
49319
61951
21503
100692
6596
93005
89470
32612
4492
54046
10731
50323
6375
25252
5481
13086
27411
4157
55144
42004
12190
68115
43202
42108
15040
101200
8694
7364
43866
66210
27051
61423
5518
11227
66373
36609
28525
27646
13023
51131
74920
14574
20185
29535
1160
94567
19347
13264
44077
12130
26049
26950
84103
5532
28257
54852
93932
79528
7455
10494
30735
80737
73126
58630
101530
51070
15653
70257
14057
82731
16790
80798
33757
28669
17658
11103
21822
62542
4956
23360
30663
21872
31868
62325
70528
630
19454
7995
68043
101560
26447
5791
833
89155
27290
68768
6248
98590
58902
38094
40018
18563
64126
82649
29771
12831
69
5859
23890
62435
11193
19873
25282
12955
39225
70695
18004
76024
19563
683
28436
7929
41500
41078
31270
59576
2028
18492
33316
74033
37621
9660
43817
10476
1311
27426
97106
57970
3389
8986
52016
9393
7000
1881
24490
71705
57479
25100
7876
91571
18237
27352
6066
61896
70960
56944
71020
50224
13725
11501
13712
21857
94695
50433
11558
6137
33501
4200
11839
98621
53458
1957
4540
11695
18958
16451
865
18108
62786
20777
34130
73948
13708
5564
21027
26990
23186
5906
43461
83374
8843
1692
55962
16167
101299
1169
35459
62507
34649
78996
95955
29023
8435
937
7296
40719
1324
24532
73851
34797
1926
3608
43560
4186
39970
53461
14127
51346
11293
4288
6374
68945
33365
8640
97733
38070
15853
83514
60096
6289
79020
13077
5617
20889
6334
43129
73080
90656
93062
22595
2523
34897
80330
12904
6120
63003
78401
81361
65257
101699
29081
6122
45179
14734
8543
14453
33815
84557
34910
33600
6615
38802
37459
68497
42299
82011
95851
51189
64163
10930
10622
35201
572
54391
40462
42610
10696
38401
8743
43971
33842
18320
70864
5691
10263
39753
1773
43686
47333
26612
18774
52669
3271
4643
12389
28761
102007
63124
270
3705
45074
73332
55033
34647
15017
80118
961
41652
1846
23696
23712
1007
74123
6748
95349
42568
3266
39171
42537
9517
25593
30271
53889
15249
34756
13652
64985
3086
51245
39521
42335
72286
61802
335
10168
79849
34245
7394
8335
4134
85084
33647
18872
17287
96933
2111
33649
52950
2629
4655
4745
2748
24314
3006
17726
15291
62631
76129
2166
6250
45748
12835
13668
39018
24317
15031
8424
17011
29606
52983
18046
3394
40932
73820
80899
2954
56224
82996
16628
33680
1075
71346
11419
9663
32296
51023
71123
82449
28516
58742
51668
28718
31121
94187
21186
38716
15339
46140
72101
55812
12397
43400
86569
22375
69294
4082
11420
16833
65543
33666
96874
26465
19491
44206
14496
35279
448
31807
1156
21537
59626
8696
26901
95591
78709
16256
22099
102437
18957
10993
999
43053
54346
95857
11629
19827
46745
18767
31838
74721
6529
100780
7294
50096
82097
44691
35951
7258
45760
82923
55111
6330
57383
21648
9318
35287
80200
8133
36543
14562
101337
42487
81346
86250
81194
5306
16430
67174
60215
49961
23345
4158
5832
45402
40224
3868
29150
34843
14386
6145
17545
42592
65166
52349
5883
409
2217
578
48135
95417
67516
8558
65544
22242
2287
50427
5150
939
14141
74194
21248
97813
8398
26662
12588
1134
15983
13306
15474
3198
21966
32117
55873
12693
31481
38990
23045
54285
44584
45720
74851
47485
47995
24775
28384
100975
43357
40783
14045
52007
47676
2839
5692
7164
15311
43693
5841
22934
10593
99857
17378
87168
23772
69629
44836
62581
66775
71301
8563
90456
67327
89778
63146
80917
52415
42001
43703
67694
6347
93250
27440
73773
39768
6927
32151
30789
23149
12440
33429
94257
370
73056
23323
16263
51020
11390
17271
88780
47661
57104
64252
16280
26835
9693
73612
9089
44899
28738
32518
1624
58399
82237
96572
35154
5502
98589
15611
81
7204
12313
57349
41433
57625
95771
45470
30823
52743
1243
94193
53543
12018
53999
85765
6309
1976
18260
11798
24731
91035
9867
30814
11037
318
54963
69481
49716
96942
45775
9519
16312
668
4866
78960
4541
10276
18531
39861
11113
20103
4969
66344
92226
20979
24090
876
6367
58045
5170
14699
50015
26739
3257
20802
49018
2190
51181
89141
11571
9694
62228
41094
36733
56610
6369
48174
9128
88575
599
4429
65500
2678
62190
22843
38661
71799
47936
7782
84648
82504
6790
52674
21159
25366
74275
79091
43750
26268
66213
8426
76856
5639
37531
18745
97390
47423
2262
14618
69948
11408
42745
82197
40612
41659
95837
6041
49046
3978
76463
42583
71956
74598
17578
14312
66088
3528
87970
91578
2123
47208
24515
11923
6232
1124
2726
34603
17369
53388
38875
14024
63215
14482
88122
38143
90393
45247
75243
6291
51012
9413
50982
49598
30721
34079
15408
54618
14366
82975
41772
12652
65651
54598
9397
14588
75863
261
79259
91758
45177
100879
14501
90285
6323
32277
66770
476
80302
17948
17379
3304
14485
189
25686
35621
53631
76535
3977
2688
56454
75961
3382
56644
51780
79380
34579
58245
57101
12769
67777
25602
43963
69485
616
6750
636
37394
49410
92851
25489
7668
10328
37979
14489
55900
50330
21071
22771
96235
81633
7322
53998
37231
33602
32613
64166
6118
46
24021
14545
80176
46787
42357
56415
4419
14908
12061
40989
98737
64997
74168
44394
54980
53009
12354
41107
68499
14597
11469
10711
21747
74667
20763
3068
562
8382
67446
83098
88803
14176
42071
9665
17145
26975
9316
21483
89247
41685
68099
7017
5209
98101
10402
995
19550
50578
64764
38659
9343
5661
81187
88428
21490
9789
57656
82048
67533
22971
91038
33022
33667
21260
18616
58828
87704
32483
62271
61326
42289
17924
7982
47103
41662
12126
46615
78724
10147
14895
35574
93483
74205
16853
29650
13754
51216
23168
8532
92460
32656
15866
62613
28437
159
31450
130
89598
66979
20438
10430
90514
77473
27716
28440
55134
5853
5296
66265
49403
1028
44231
41801
1468
5918
61527
42156
43191
32664
100206
17375
16924
1963
45043
5892
39445
17644
86750
72884
53407
55104
7569
72827
67084
24078
63009
85853
90041
43378
2361
24077
63107
1711
44558
19958
18882
80275
66973
76530
54863
85781
52091
19264
81945
9450
42765
15642
6306
45813
30778
4617
38564
14179
19585
45475
1999
4997
49230
12509
50259
89094
40025
76917
46489
86574
63340
29947
33268
26325
24730
88477
92003
5840
3818
42442
85648
20706
57843
8120
1268
9160
25761
19662
68176
56453
11932
44763
34171
20115
6817
50120
72159
3098
43709
24531
7624
2201
64160
51019
56252
35168
13501
16558
60296
5653
84180
62895
42968
17357
14538
17557
11999
90047
8833
20353
29338
37292
13875
41148
41804
42717
13673
10173
81106
50586
22251
10848
58923
18006
6251
28835
32410
10715
1424
24406
47246
71298
109
57333
43751
89991
708
14919
83677
1463
4447
34749
13705
100346
70120
88706
64944
54612
25953
32256
3846
13814
60534
28367
50598
23599
25465
30852
27376
81881
36712
42278
1433
18137
92368
4391
10361
646
39848
18296
95951
36394
9980
5459
84498
23604
4774
72128
4153
3152
33698
13676
22041
3104
70326
66045
80360
87560
77895
46396
6917
48419
11215
98151
7784
53808
5516
20012
46234
22778
74762
30590
20382
15004
62085
41975
92026
54590
59609
1217
9531
15652
29739
1709
31294
89395
7776
10907
55391
93514
54601
24488
9749
79949
38183
13817
27478
6012
55607
60804
13950
6626
45511
4508
5427
8587
62278
69332
5261
19887
69482
45905
97788
53239
6493
13655
62051
45031
91295
38153
42007
51130
68532
13648
62600
9641
45487
24042
77231
95850
52974
14770
2226
9621
7970
64291
86278
58162
48547
17220
1751
78207
63333
45442
34078
8399
37239
8291
63663
35317
13588
79570
41100
8027
34858
12102
28767
764
99285
5462
13701
25747
58213
48813
75881
65775
43620
9938
37668
46084
72561
88736
57327
147
12003
43584
46080
8985
14674
57570
2963
25070
54992
84598
31530
35164
42804
84655
74565
18585
90678
23794
5509
45647
38068
17154
46083
33587
10125
16869
25415
1786
55521
64896
860
4615
19523
847
19450
41049
84962
10200
32432
298
6498
36376
757
66203
70734
40859
12467
78599
33009
17390
7657
65603
38800
32693
62293
35071
11595
41621
80323
3321
49710
68881
91752
19708
57553
3237
2568
24957
16517
10
15110
38884
96448
51986
23193
2631
85780
23973
63154
43315
20611
27442
62150
2651
45769
3014
9171
23816
86257
15112
16497
50836
44619
4495
46226
26780
6758
57964
39763
53945
38882
822
26919
90078
88024
4578
1492
16449
14374
93596
17732
36382
21654
94041
13142
13300
41395
93501
12411
10419
19406
30645
39285
30847
7090
8084
36632
52969
1149
46912
28876
31159
51269
59361
20783
57187
57307
74985
467
38001
53726
63618
44735
18259
1126
53749
34661
17387
707
5803
48070
86347
30669
49158
27869
69312
4430
82093
12071
30583
45774
31071
5702
1077
57378
65379
23348
7925
27060
136
20199
16596
72007
34798
23579
13818
11474
13821
81131
11437
16878
26971
70666
31156
2131
23950
436
31128
7759
29241
1227
93867
2957
101834
44500
43329
43565
26077
24123
2206
15846
38636
63805
529
85934
51607
65416
34847
64094
43600
76483
2867
59577
6209
54415
36063
62868
8131
55298
88607
17486
4501
3536
81469
21861
26776
4239
19755
63322
44207
46720
71325
3204
46464
82342
95010
5838
57284
29493
12214
55158
77911
67807
9453
3022
67739
17144
12616
64567
26142
25949
89287
2184
32859
55239
33956
24308
24011
40529
14853
4899
71280
59317
11727
7823
62383
40463
21365
352
7427
286
51944
24992
21321
61082
35802
27450
14747
71863
50094
24352
29049
11877
21889
1661
63649
5813
98173
2513
46872
94599
7835
55754
45734
1412
41313
13690
27490
6308
4387
21073
55539
53335
7093
7918
1560
38712
2032
96812
31612
16925
123
22646
15515
38270
67441
945
68784
1541
18121
19159
61051
66172
23337
95690
53330
55883
51687
23103
89071
54836
42488
14178
18512
42331
25612
101708
2194
100698
66352
30126
6799
81132
77873
4407
54335
58671
101775
33577
1526
62602
30310
58008
56737
15606
54857
32075
12137
37978
13481
21912
34859
18615
29642
39559
46391
67264
102208
58218
97871
41974
3323
21119
714
5078
12073
13551
42875
85164
8433
81727
16654
22263
33869
42952
51989
12663
81202
21290
67537
60275
13728
6620
90165
97251
47957
73663
78493
41866
46369
4827
15958
50570
36628
63018
11636
48140
37081
11470
95617
54967
61879
25039
40143
18848
48387
34107
97392
18047
32292
14835
33047
87735
23048
73580
80189
97568
15003
37842
62917
22936
29346
7
7926
17194
57616
68634
41286
144
65325
89484
53348
45404
33005
26300
27967
5767
51538
33566
12385
3804
90182
65461
29783
10076
3246
81724
60953
93280
62968
85020
9638
35193
901
73146
27350
40774
80952
5733
29318
7309
36169
102397
24571
64990
34863
62
24241
37615
16030
91267
15833
23054
35583
13430
6999
37249
78323
75401
57201
30582
26408
1934
15571
72123
40276
15796
9053
71373
6433
23036
11156
1781
44411
45164
95899
92559
64361
56630
20914
71894
19212
64314
3649
18945
102047
54044
47456
94825
72050
42177
8351
12499
20890
10288
2348
1188
8339
6441
414
60919
77050
163
48785
7518
18213
23406
90144
93868
10640
825
7551
41597
17585
21694
10958
39432
6294
44039
17865
21801
4977
34052
90388
80447
9705
2724
74713
14558
21343
70747
1690
7313
16666
44527
5302
42224
2121
12086
9044
31001
22970
29619
29631
48909
4488
40424
101132
13326
90160
2686
14520
1559
5339
40511
101131
567
67199
44731
95767
5191
75423
13607
80833
7763
18589
32415
22682
69283
14441
29368
33494
65347
3384
16412
26633
14020
16756
16129
6417
13902
18057
30756
3001
91793
39507
38826
7450
4703
43711
20105
18286
82002
10041
1652
78831
8100
45953
949
91180
22848
20155
28524
11609
41413
84475
88
8706
2563
33679
40314
21764
278
351
26944
28865
72847
8999
45641
42833
78121
64377
9115
42164
80715
35368
64318
36823
35122
55500
15115
22889
11726
37954
88178
2819
5482
36618
55347
1305
6013
27938
38115
94347
8856
63260
41679
936
39246
85505
30546
5100
7603
4257
85243
58335
2151
13568
13411
86812
9847
53628
4121
68585
41417
98812
62630
23976
78142
46215
12543
57088
58055
54139
33247
49118
3857
1141
4369
43559
63497
31963
32519
72376
14517
12558
33404
4945
11606
19394
6319
57277
3310
90432
83838
21013
84246
35458
85772
100927
1536
76587
37402
80900
55866
93347
29349
29719
71
70855
72034
77646
30670
102
51523
18918
28214
53143
43798
71169
56833
20627
17771
71506
29767
43020
14019
59197
26023
16586
787
94756
7557
39183
17023
65896
1908
49250
64335
13857
9055
20160
74406
9579
10543
27185
3441
12281
73379
13578
15534
45231
101211
12734
56943
5886
90449
606
6168
48071
64808
45057
79543
8256
38787
83726
100723
29949
14095
28500
86238
71679
77862
62511
14867
43063
31116
11893
72058
2212
8504
3568
13528
18592
90810
99643
35506
974
13069
84963
32246
36673
51241
6792
2423
3103
26191
12783
53766
2307
7906
55626
18738
55375
11790
512
14695
90792
39592
28858
28129
4237
22297
69761
1029
85182
2892
4480
11032
19502
28595
62712
37306
37106
5035
81509
39942
96091
56082
39912
19293
697
22893
4278
8555
87275
77078
41982
2052
37145
55718
35776
85094
931
7908
723
20608
19802
7677
6412
877
68674
17142
11741
16635
11171
10714
31701
12405
67667
50579
17340
1358
3243
12392
6155
16091
3805
97949
49840
47542
19971
6261
8930
12097
3263
26788
42297
6272
42082
28130
53412
79021
12041
54962
24328
93746
57377
39730
18511
38474
27652
31563
101254
61066
54562
38611
795
78528
17741
13746
2979
11924
17982
61397
216
66199
81048
41752
8144
50107
97062
5001
8492
76926
7137
29267
80356
63694
88549
75097
84352
8955
28410
84851
30999
1163
50268
3930
51833
53496
65801
60267
780
19431
7424
17488
55256
14210
39706
1319
8154
42545
5793
52506
51643
50613
60438
56513
13759
10245
20380
12801
15016
45293
6994
43429
6861
64592
37546
1410
42337
80734
13554
43322
5707
43273
3722
10886
7009
92628
54686
22585
34823
13131
75684
46385
91358
19626
37666
3227
15673
1515
33419
69952
39401
3325
95853
20654
65688
18555
77057
9863
44777
1294
84749
12843
39536
11274
101
85318
1337
13927
54853
29352
49544
72835
4362
17867
62495
51472
12954
19994
880
5037
13320
64296
79753
40223
6996
19519
10788
27196
88565
2181
34268
28403
1698
36212
95367
20053
19144
19178
49038
5197
43878
68916
7456
7030
30147
21666
7536
81842
20922
75662
10805
16780
812
765
52975
6463
39415
115
6382
41674
74221
98887
48391
42857
60982
33955
18067
66933
55353
99027
22740
81460
19129
72249
15772
43343
5177
41913
55325
41243
63304
57697
6534
18388
50856
10141
30281
34147
37963
3201
33549
1430
12948
5112
72446
79742
53877
21410
88715
24455
28797
70218
49568
29715
90427
56196
29565
5043
80907
5817
13737
36049
80474
7692
25058
52842
12014
4994
18572
26010
4358
60341
39904
35852
39921
67670
44097
45278
43872
13687
50835
13080
5403
44850
28081
16699
64254
3109
12065
82223
29702
90471
39206
34683
43965
26784
92594
21018
8041
15459
52692
23066
14306
1137
5045
32262
6555
10208
1392
36742
14802
37542
13286
14197
19253
54018
67049
91077
23881
85741
23241
91958
15755
43096
3234
58833
5787
48908
171
51030
21890
75441
17389
8009
81116
13040
45472
41893
89192
2275
8559
21616
10412
1404
60363
24218
45076
20003
49313
27455
35897
20976
15610
50535
88849
34913
9374
83279
56882
30901
4044
92303
2031
94523
12944
10994
11664
20405
95559
58803
90726
85102
17126
45176
7785
2148
68164
1941
24286
73470
30881
76019
1312
64590
80453
35970
440
29019
41680
14827
35112
56
39895
13367
16962
41015
30
31451
63546
21072
27671
37250
3042
42352
58250
16538
28473
68767
56813
1893
4902
59600
3210
16949
3240
429
56324
25127
15081
5893
60930
39500
101199
41967
14423
7735
46758
27272
2251
26252
15627
97391
18015
39005
82978
29144
18190
6358
7844
52862
3640
37791
73341
102427
10878
91370
48288
9183
8918
5629
99184
48703
4708
10320
59008
44015
61612
2087
24372
66676
43310
10686
14192
53494
6295
3064
30737
35965
63797
39790
12601
16163
2157
76
1129
43303
9601
75536
66780
82107
633
654
8394
41596
84197
59836
95793
35024
21728
107
39647
6798
45821
13558
84966
23760
8261
10720
797
4804
78460
13661
14439
95615
99170
12916
28950
80317
96222
10075
3560
13597
426
49693
4363
97954
20545
6583
15120
58378
81000
35273
58122
38163
47394
37164
9277
32634
15
52485
81511
3545
4258
2147
31439
15718
13633
16468
65248
41716
66372
2933
19492
10449
7439
42842
10012
26993
67346
26857
24763
8881
33554
26826
30181
16647
36495
93495
31986
54082
43358
26833
52638
65328
44338
21002
514
2477
91225
75396
19126
15231
97955
16738
12419
24687
55847
30905
15685
10633
93329
1351
56820
54553
93786
37477
9045
34043
9556
47489
65191
17034
5277
88427
56526
40806
30360
27703
30537
23571
51815
30824
96176
1985
52708
19533
5514
62614
37985
4601
47427
9594
13609
35202
57417
24557
102059
5732
55146
62173
76439
101952
11307
102100
38393
85472
48711
37080
4222
2264
60599
16807
27168
37158
19642
54116
69651
10256
71117
5294
48184
58903
64887
42245
4753
76023
52196
17913
25909
26
1064
26910
58529
17793
1654
54692
88569
10652
64323
46048
994
55438
46216
25433
475
57135
16112
13269
38384
17203
12068
92530
52804
40517
58501
98852
44156
47217
60299
101114
48272
96421
56599
8730
11909
47976
55734
62714
55507
12578
9595
15793
36857
226
67968
21711
101571
64486
29915
51876
1539
92380
17160
29517
68942
19177
72057
14472
34959
27343
34523
43663
58179
2305
13538
23862
57457
80225
19114
308
6213
68
8611
43306
101795
67649
11244
5022
67680
14639
98963
73118
30644
9538
5204
66604
42086
16502
296
41162
22840
35078
5036
15065
17613
2215
94440
11447
5528
73548
31029
58875
8708
15939
9681
60573
19551
63956
18295
5408
3582
53250
94371
99503
45726
54319
57339
5640
67868
18081
14287
21203
34691
79184
19297
17344
30711
27154
83469
81297
66268
7134
87494
53709
72759
10305
89782
19767
96016
7639
17321
34767
86689
2421
67290
67117
35165
99146
13573
91190
40912
3367
52572
57841
28232
20370
73728
34785
101840
101513
12806
12390
9273
5173
48883
8887
29686
2565
8535
62253
2842
2063
4949
48567
63175
15823
65249
41113
76262
24996
14787
85713
17039
16721
193
46377
37476
59342
68978
18985
61661
18113
47578
52414
3009
51357
9305
11696
29208
32659
15662
73950
32522
30990
2229
101626
35531
40941
35915
41747
88669
14777
92160
31716
18328
43929
38213
71182
10665
6380
20612
5338
90276
74280
101598
24578
3105
10653
43305
21569
34864
75709
96203
33366
12456
71198
66136
55679
87439
9448
3326
37060
23123
34930
6280
73547
12745
7454
4538
16443
90702
39987
74658
4220
23115
63429
69683
58991
