6471
62895
7727
99517
5953
40096
53193
42968
13594
17357
17557
94147
982
11999
8524
8833
215
86902
1395
17113
199
20353
29338
61765
37292
72424
13875
12638
41148
41804
51293
3171
42717
77462
44722
28400
10173
53725
81106
38909
83979
53807
42069
63
3815
10848
89566
53567
58923
18006
70458
19565
40763
6251
5742
8411
28835
32410
69663
80291
1424
19884
47484
66412
341
7167
68882
26980
80908
32273
102393
28586
60650
80581
63039
35955
41098
74611
109
26807
77523
8709
3847
38851
89552
43751
89991
93389
708
31345
20803
5891
48569
73784
72403
50670
39086
27488
1463
4447
34749
28289
3998
100346
70120
88706
54612
25953
57222
32256
15981
15486
1958
3846
31833
75880
13814
22966
30801
54676
14666
23599
25465
98582
27376
49117
36952
10680
72064
5314
1433
54624
5241
5034
7385
36096
20096
4391
16466
3110
96959
7923
64355
43641
79967
646
26800
73931
39848
862
7613
95951
55042
8969
44864
12740
10702
37910
50665
36394
2840
889
13547
24
9980
5459
101512
70273
83334
84498
25865
22930
1606
96341
95281
92611
43521
27499
89
4010
23604
72128
33448
20512
96411
43881
14447
8447
4837
2987
6533
54835
92500
43706
81203
14395
18940
22764
98571
33698
71472
67714
65422
28167
87085
18209
3104
70329
12923
75739
59875
87560
59596
77895
81517
23319
81599
5476
45238
63339
7694
13674
7495
83551
39640
66113
7522
86409
48419
11215
14977
98151
83670
7784
8760
13627
16993
66430
15149
44330
9017
52748
49141
8386
248
93557
93765
5516
20012
28007
46234
6515
6716
37
3658
19098
30590
66003
89060
7366
213
50867
57134
79993
15004
62085
2489
92026
11491
44499
12307
54590
31564
43985
35909
16514
26854
2980
3961
59609
1217
9531
98622
15652
83144
99098
1709
14872
16486
17359
16870
1435
88928
89395
7776
30051
4929
89213
42417
93514
21296
46412
38883
73559
17614
58319
6537
9749
590
79949
38183
95175
32373
25313
24327
5765
72553
13817
27478
4789
8629
55135
40830
6012
9401
42772
95300
14248
55607
60804
13950
45511
83888
89504
45964
5427
8587
62278
69332
13630
42546
55086
26991
7263
39223
46303
24351
19887
37320
27937
30482
69482
97788
27354
6452
6751
53239
6493
71638
78240
62051
93759
7496
6443
4432
47490
46746
28638
10820
35774
38783
45181
1357
42007
21172
68532
55397
27349
71859
63668
13648
86577
45487
95687
52679
12651
5703
18726
40210
3270
14770
62016
2226
23259
7970
9484
60547
14478
65237
57661
96941
4686
84942
30277
18489
58411
45520
96441
73821
7025
98847
3390
565
93623
17220
9569
60944
47101
7327
1751
95418
1475
63333
34078
16014
8399
37672
91670
2220
14644
6169
48708
37239
8291
63663
35317
7737
13588
22855
42458
2995
30457
1688
79570
10388
7114
8027
34858
21623
12102
28767
99285
5462
13701
69896
19633
85311
17933
90876
101385
100785
40371
75881
65775
35106
48178
43620
9938
13777
56984
49656
37668
14223
59162
19443
31705
73504
1855
28565
47657
41
11236
20019
35505
45916
5568
50326
77369
42254
90994
5878
43584
35507
34218
14674
57570
2963
25070
23793
41043
442
54992
93053
31530
35164
14548
46645
37533
74565
18676
21873
18585
79997
90678
11891
58367
8919
84782
42311
23794
26173
38068
17154
6778
49150
27944
43083
474
49971
78877
7125
91969
11206
12020
16869
49237
47877
25415
16528
59958
11734
40036
581
2673
9308
10925
28575
52648
860
19523
847
18396
11306
48890
9501
19450
64413
3679
45647
4515
41049
54374
84962
10200
28988
4921
32014
1173
32432
24402
33677
83618
76111
8432
298
6498
65444
22863
16229
250
12538
7752
8448
36376
51753
18300
21297
59624
3200
757
20571
66203
32822
40859
7822
12467
12958
6475
45107
49569
17390
58557
7657
32693
33761
23266
50115
21778
576
1182
35071
8678
2353
42333
40478
41621
80323
49710
3513
66275
29903
63298
19999
6241
43216
37976
57553
45260
1653
13184
201
2715
2568
881
302
26267
78129
7519
92237
16517
10
38884
38120
96448
37777
23193
57268
97460
33043
52412
2631
11013
29060
65375
95197
32743
23973
13972
52215
5090
35037
82302
380
63154
43315
5804
33502
84045
20611
27442
8358
1632
20864
2677
17018
45769
3014
16460
59186
62224
68309
25626
52306
22810
29411
12931
10418
67002
23816
15112
16945
4943
30333
3959
46049
458
49749
13010
16497
100866
13804
75045
4495
46226
35163
44723
26780
84075
9241
17985
11081
50872
13893
55490
60855
16147
3162
45492
6758
57964
5540
28017
53945
68440
13656
18306
38882
101288
93785
5718
24132
822
38184
8952
57830
26919
26404
88024
4578
24562
15821
5437
18471
24320
14769
16449
3261
39036
41081
37217
59163
24242
14374
16408
7846
7504
59838
52691
56095
3146
15757
93596
36382
7914
8130
96848
11029
5658
44992
7256
684
15050
48855
94041
13142
82707
18049
16136
54642
55928
23426
94463
18906
55050
92610
20390
38406
39363
40071
19406
9906
45015
25141
101540
37090
39285
7090
92630
23978
36632
67616
101634
85249
80831
67510
23856
8121
24377
46912
28876
13137
62473
78386
5947
81528
8859
2016
43132
98306
678
6721
29916
2360
79520
59361
7886
57307
76173
467
58026
38001
31576
68441
89191
63618
44735
19694
17433
18259
3426
47971
2723
34661
707
5803
48070
30669
73
54874
34929
26554
74365
69312
82093
732
64336
17812
32056
556
12071
90016
96703
4672
63025
89515
8085
55308
45774
1051
48572
31071
61818
5702
81895
54589
13404
45727
18038
87512
20199
1946
52845
16596
72007
24175
2951
40959
16597
8656
7173
23579
16860
11474
4438
10202
18612
7449
27699
81131
11437
26691
41622
95624
16878
38035
26971
99675
93533
6088
11542
8989
33809
8623
65053
11337
89410
31156
19451
8408
48589
2131
23950
436
31128
7759
62305
7012
36323
1227
55837
7140
19539
13649
70161
45012
8104
19286
26902
88735
4961
26670
63434
69445
25918
44970
30760
26033
2957
28237
13144
117
8821
48920
101834
43713
8102
44500
53175
2030
78776
26077
24123
3629
178
2206
672
15846
1748
15246
38636
63805
529
71231
8116
74359
16939
6006
41547
84487
51466
17186
85934
65094
52117
1851
21763
45300
39096
42348
75604
15761
10829
10232
63183
70200
83093
65416
35178
77584
22184
56572
1542
64094
87289
27431
3633
449
43600
76483
36
2867
90079
25
19103
60665
45284
4340
42843
59577
52968
73209
66595
29666
68530
54415
58212
57221
49396
36063
30693
2570
47403
72588
44898
8131
97718
28934
83523
12570
55298
43744
20391
14873
13768
74445
9119
4501
3536
76994
52116
66534
51942
7791
52357
2990
78949
24141
81469
3516
8429
21861
5009
2740
9866
91183
4238
75
4239
62063
31314
45879
57974
19755
18602
44207
71325
21884
25696
41179
85980
3204
13866
95010
61321
5838
57284
59647
97600
64998
1687
29493
12214
55158
1033
1236
25910
35993
6591
38144
7257
127
25916
60549
9453
17144
6830
44169
64567
1153
32297
326
571
26142
89785
24029
77911
21720
22942
2184
4678
76920
3566
26504
50496
2920
51394
55239
8880
2279
15722
64948
46017
69617
6942
7963
69490
24308
24011
22984
40529
14853
5431
72325
38530
4899
71280
75296
59317
50913
11727
29179
15094
6117
54769
40463
21365
57100
26610
75760
352
7427
286
42549
51944
25652
87607
88551
34840
24992
21321
61082
17301
35802
27450
71863
4799
39950
50094
3667
22
49157
24352
59500
38532
11030
52006
21889
76489
34991
40699
63649
5813
1048
7857
8594
6874
13966
42225
2513
7835
10479
89780
55754
45734
1412
41313
19882
33898
26630
8226
1744
19259
4387
55556
289
21073
18009
82307
5590
7918
49012
983
8909
38541
57005
6648
7855
57854
59827
4525
38712
60782
13
24908
328
96812
31612
22646
15515
38201
38270
67441
2817
68784
46277
18380
18121
65409
70347
462
53203
80804
13994
37001
15876
1189
76058
45973
11646
29031
53
80427
20805
43489
69575
61762
53330
17955
51687
23103
4147
21560
89071
54836
42488
14178
58526
34592
12076
25612
23436
8847
24517
30126
22007
22453
6799
81132
50183
1044
2739
26035
11076
19496
2593
10954
98307
11575
54335
29667
38794
33577
89905
35415
78588
16873
1526
56701
16058
62602
78993
1006
26028
60389
92416
15606
25774
15312
4170
10865
91319
54857
49003
12945
94116
6265
6345
8344
73315
30538
2948
37978
83752
398
29182
85019
62124
34859
34421
13683
6174
14620
41161
18615
29642
6516
39559
46391
594
42663
29344
1238
113
33833
68202
6535
4979
66004
20954
5284
4050
9853
22808
21119
8554
20193
9006
31261
13551
84074
91621
1206
43569
73978
11010
9488
7877
2721
72554
18523
42952
51989
12663
93355
20570
5104
36724
12685
88621
13851
54371
13728
4434
31971
47957
76177
42398
24398
33125
1801
2134
16145
26060
44962
37875
2877
64890
10153
4827
15958
36628
93492
11636
48140
15508
43642
37081
54967
32753
10854
24411
20515
26437
22391
45438
31569
25039
4098
34928
53691
40143
8953
37748
79137
87216
81523
44082
37200
79148
49738
84806
79799
18047
10654
18372
1575
3190
73055
13143
82109
33046
42532
68089
14835
23854
3262
2708
23004
8863
101525
33047
14790
57650
39891
12669
23048
73580
22549
10961
85999
4890
28990
30733
50140
25254
35447
66988
4740
37842
8964
54912
21383
12452
29346
88424
6969
17744
54815
11196
19342
25988
48984
41006
10036
20499
57616
71775
47034
68634
57244
39148
45949
97704
41286
59463
144
1814
40792
65325
89484
43302
15468
14909
17581
45404
50149
13564
1743
5767
58177
33344
12385
30854
14385
65734
3804
5700
16707
65461
29783
12701
57985
32417
35118
99073
17902
10076
35826
54566
81724
60953
22649
33974
47901
43950
49446
35193
901
39294
88899
4396
90178
13660
18756
42625
34931
81498
73146
4701
50225
74855
16074
3730
1644
31176
5020
7309
49595
37698
100746
102397
59765
2109
61153
80717
64990
62
37615
457
63681
17856
28143
7050
7391
23054
44861
35583
20607
78124
61950
13430
6349
6999
37249
40543
94942
56361
2566
6837
82352
78323
46308
1429
34016
62288
75401
5282
57201
101357
1934
24671
50920
15571
9873
74863
13531
31112
17774
68098
15796
9053
51016
4013
6433
23036
11156
14163
1781
44411
56650
11486
25691
60306
27578
15261
1720
28816
13853
36958
15445
15383
95344
17346
92559
98686
24535
64361
3887
56630
17883
46814
51757
39440
20747
64314
3649
18945
47777
38408
12457
102047
11978
54044
100340
51263
47456
14569
94825
15435
42177
61910
58956
10275
61346
39279
11526
55599
1858
21270
19439
5497
24791
42470
40694
9035
12499
10288
26736
7057
39295
2348
7704
53100
6015
96909
100888
1188
8339
41328
37995
22124
16572
35082
414
4017
56333
12489
15070
59918
32493
2628
89137
1491
60919
49841
163
13128
61265
31744
9359
29355
18527
56255
36808
96617
45399
64806
58810
84957
59606
62235
84323
58991
10640
35190
13273
48797
7551
41834
21082
27960
2788
12845
66242
12838
28552
27407
1791
17585
21694
36977
39432
51958
6294
17865
29425
23191
21801
18417
31826
86100
41453
29712
29588
4977
21985
90388
80447
63625
992
9705
74713
14558
21343
70747
18643
37169
30557
7313
37824
14883
102274
18125
13396
8790
51283
55650
6207
15763
57944
48320
44527
42224
57009
42184
35711
48898
97295
41369
68156
1070
2121
49550
33891
23292
10297
9044
31001
22970
69117
16516
20701
18302
55675
29619
2254
139
27973
18312
4128
48909
8013
8214
10109
26952
12219
43928
24301
90160
87797
31157
57212
42252
55160
14968
10897
45397
95952
14520
1559
7843
5339
37769
2095
40511
101131
3106
87501
67199
44731
7497
33085
5191
13486
20401
26759
64549
98969
43697
13887
45062
72425
10300
16641
3688
25557
3132
34911
16727
31123
47222
22682
69283
76801
14441
2362
7750
65347
7423
5
93948
3384
15712
26633
16756
57278
6417
14882
13902
21656
18057
39416
48246
29001
6304
30756
36122
39507
10264
38826
28484
18292
27819
2982
51057
29253
22446
7450
18134
45141
9644
39675
12198
43711
96998
20105
18286
82002
57332
9203
10041
86079
19292
19733
12534
89296
3447
82937
8100
64183
71667
45953
71805
949
49975
36235
91180
27695
22848
71941
20155
90345
45123
28524
11609
41413
84475
19512
6002
88
9530
61047
68460
48051
8706
2563
39080
33679
4825
21764
23863
278
62331
67375
21000
101497
5554
75795
6008
63833
6328
39613
26944
3115
37170
20930
93559
84373
33938
11906
28865
39614
8999
45641
31687
26440
78121
64377
26334
81274
9115
45876
35368
25543
27005
30791
58168
15780
64318
2183
36823
38324
35122
55500
91482
11329
6532
3472
15115
9630
4392
80155
78705
1868
195
22889
11726
37954
45323
47648
64598
47390
36562
80007
12620
88178
2538
2819
5482
39093
735
3665
9178
63899
6013
14843
1318
42812
43026
38115
94350
4673
96447
49180
46593
73186
66789
6258
6928
32541
16307
68795
73037
25126
50254
2234
38993
62756
19943
39246
49533
4409
43986
3966
12431
85505
72772
30546
5100
14109
77846
84002
7603
28892
55460
54847
53011
79451
58335
210
56913
44409
17360
11864
4915
6221
13568
13411
86812
11588
53628
4121
68585
44600
41417
48611
1738
17314
62630
65602
7253
60582
23976
67843
19572
4061
11853
63478
5809
34755
53888
11471
53621
58055
69681
41523
54139
1511
41603
50405
19242
18478
28914
39404
56271
49118
8865
3185
94077
3857
60791
30959
8950
4369
56263
21659
33154
43939
3533
65968
51204
14828
63497
37602
32519
8076
100408
72376
18794
2550
12558
20557
63756
6905
53194
11482
19394
14128
58657
3310
44561
12129
6254
23446
75137
11599
21091
67098
42088
1798
86856
55858
6112
35458
5965
85772
1693
100927
37402
76587
70110
39315
80900
20112
55866
18544
42034
44365
49498
93347
29349
70855
72034
38679
30670
73231
102
18918
65103
53143
1832
25979
59972
18101
1560
43798
42119
49319
56833
21503
36491
20627
10409
19418
92227
60097
6596
2317
14019
9034
93005
89470
32612
16586
11711
42623
6338
787
46684
42110
22039
61340
10731
94756
56886
89846
43373
10477
50323
39183
57931
15655
35571
65896
5481
49250
89650
64335
5406
14789
28849
50580
169
2795
1131
4157
55144
9055
4283
20160
74406
12190
48934
9579
60352
10543
27185
4219
18175
20456
8542
62559
68115
43202
57736
43988
73379
15534
45231
57604
9786
42108
56943
90449
606
8694
6168
48071
16834
75794
64808
3597
43866
9419
99867
79543
27051
37877
29949
41726
3176
21222
14095
28500
11269
61790
3172
3122
77862
26024
86238
71679
11227
28256
66373
100839
89666
52119
36609
12903
14867
53893
39877
43063
52476
2281
3543
72058
67268
77179
47082
51131
21815
74920
43814
9790
2212
41595
1160
44160
27443
94567
85972
3568
15529
19347
13264
12130
13528
81609
84103
34275
5532
9509
99643
48547
7349
3269
35506
56602
4171
974
7524
1679
5453
7455
80737
11788
36673
29261
73126
21420
51241
6792
2423
4840
7412
730
53766
36043
41883
7906
55626
5354
18738
51070
55375
70257
5598
14057
1304
11790
61859
69071
9391
512
39592
80798
28129
89136
2301
98980
69761
1029
2892
4480
6268
17658
11032
8885
10003
28595
7649
14000
23360
44264
7432
18105
21872
40749
37306
31868
52212
5035
62325
71412
70528
81509
630
6160
57480
43221
19454
53074
7995
13685
56082
13764
26447
81639
19293
22893
20626
833
89155
4278
77078
68768
2052
82047
3575
44108
6248
99758
98590
12637
7010
93741
84220
78001
55718
58902
35776
85094
40018
931
18563
10789
7908
29771
738
26280
4507
19802
23890
7677
11193
19873
25282
39225
70695
18004
14397
74794
80488
17142
14878
35038
11741
3972
683
53491
37799
11171
41500
50698
6373
41078
78172
31270
20624
2028
74033
28312
10207
18492
3091
15893
637
43836
32765
1535
9660
17340
9846
10476
1358
3243
97106
3389
12392
75313
8986
16091
13216
38637
52016
78221
758
49840
47542
41573
6261
35244
49750
12097
77191
88615
3263
1142
259
96
26788
42297
55508
71705
4014
42082
28130
53412
7876
81107
11248
34960
79021
54962
18237
17364
24328
93746
89917
18511
52352
83572
71020
38474
13913
50224
56008
6300
6474
31563
12989
47666
29171
61066
99223
38611
46781
11501
9764
94695
14323
795
50433
20345
2782
8949
26345
88897
52797
6137
8751
33501
54083
704
2979
4200
31329
36163
17982
61397
18630
7833
132
216
11839
66199
17833
51777
41817
1957
11695
60803
865
50107
13879
97062
5001
33801
57842
10713
38962
69331
10368
1161
8492
76926
20777
34130
7137
6745
69513
5564
80356
21027
32436
63694
84352
8955
2950
28410
78759
3784
6579
23186
30999
56518
43461
1163
18071
83374
8843
38476
1692
57935
55962
67377
29177
43839
623
3930
1169
35459
51833
62507
780
95955
29023
9865
7424
17488
55256
14210
32729
39706
61221
30992
71678
7296
67126
101347
8154
51631
1324
24532
52506
73851
94084
51643
60697
60438
48363
56513
1926
43560
10245
23619
20380
46043
12801
12922
91405
39970
79241
53461
30400
88488
51471
16156
45293
29350
6994
64504
11293
52763
12228
4288
23122
61471
64592
37546
1410
26170
90817
6374
68945
16762
29524
1889
4470
80734
8640
6263
38070
16328
64923
29582
6364
15853
10886
43273
1413
3722
255
62372
13077
11743
5617
54686
10668
41075
94074
3317
22585
34823
32837
75684
91358
8948
61719
90656
37666
7176
3227
1403
15673
93062
35661
70686
58791
20280
12904
69952
8994
21757
3325
3486
17388
6120
95853
20654
28912
18555
77057
9863
44777
1294
81361
43326
8682
6296
84749
37761
29007
101699
29081
12843
65024
45179
14734
8543
45718
79219
14453
33815
84557
34910
39536
101
9721
85318
1337
75867
44
18128
68497
42299
20641
29352
45312
19581
340
17867
51472
12954
22912
64163
3510
10622
35201
880
5037
572
54677
64296
79753
40223
1068
19519
53471
88220
10788
27196
61845
42610
10696
20764
88565
2181
8743
43971
78498
101222
4027
28403
1698
36212
33842
30730
6092
44968
95367
37859
20053
18320
69418
75443
11797
10263
50425
39753
28639
5197
68916
43686
6153
7456
13642
7030
8624
55384
19586
81842
20922
7971
26612
75662
35692
3769
4324
52669
3271
10805
28144
16780
101927
4643
70207
12389
28761
102007
26655
765
52975
6463
44307
53538
29074
63124
39415
115
45074
58934
6677
55033
479
34647
74221
15017
80118
16947
961
41652
98887
26132
54564
1846
23712
9692
19667
4842
23165
2078
74123
2743
95349
42568
42537
55263
42857
25593
9517
30271
66933
10455
6527
53889
15249
824
34756
51770
99027
81460
13652
19129
64985
3086
29599
24047
94544
39521
42335
61802
15772
43343
39761
5177
20465
41243
10168
63304
1192
79849
10437
81467
68208
18388
50856
8335
5712
48812
10141
45484
58023
3561
35816
49278
30281
33647
18449
37963
11085
49188
14860
5919
96933
93718
33549
79950
5112
92159
3962
2111
52950
13060
86859
10744
79795
88270
15526
2629
4655
72446
85759
316
36210
79742
53877
48500
18318
49322
21410
17726
9041
15291
62631
76129
13719
2166
88715
74842
16894
30772
6250
39018
70218
13668
34149
49568
29715
2988
8424
1863
34051
56196
2023
41293
5043
93425
76131
29606
3394
37889
50939
5817
13737
36049
80474
14401
73820
9632
2954
52842
7692
25058
61898
3070
100459
4505
5748
56224
82996
12014
4994
26010
4358
44004
39904
16628
39921
13756
1075
82581
15762
1683
71346
44097
45278
15699
11419
54650
5403
44850
10296
26664
32296
51023
16699
82449
64254
5242
831
82223
29702
55366
93363
58844
6559
90471
39206
28718
62222
7676
54050
33890
94187
6818
92594
8041
21018
21215
38716
22434
15339
6707
46140
12397
23028
89889
51294
17423
89717
63900
43400
15459
16708
5958
5048
97150
100046
49842
86569
22375
23066
14306
5045
1780
9608
32262
11420
65543
4759
10208
65561
12296
33666
96874
12236
1392
37879
9051
36742
5860
77079
22553
3788
52864
26465
85172
13769
22773
19491
56407
44206
75308
12482
35279
14802
37542
448
2302
13286
14197
24810
1156
19253
12114
28879
67049
91077
23881
85741
12764
59626
8696
7201
95591
78709
18582
10154
58716
13517
76900
16256
84378
93580
18957
10993
27892
3875
15755
43096
33529
12269
65881
14231
54115
71874
77627
43053
58833
48908
54346
95857
171
916
51030
21890
58131
19827
28359
802
57626
33274
102101
68968
31838
8009
81116
13040
74721
73445
6529
38226
664
100780
7294
50096
67572
44691
89192
4726
10412
37243
1404
76307
3941
24218
58476
45760
86675
36764
7258
68591
82923
66536
55111
20003
49313
3932
69586
35897
15610
62520
26293
50535
18329
16840
88849
50252
57383
18103
21648
34913
9374
25315
83279
75154
14032
35287
80200
56882
6352
36543
4044
14562
2031
94523
101337
10994
42487
49615
7734
20405
95559
58803
23654
42495
17588
81194
16430
75386
4160
74109
30050
57466
49961
5851
81393
23345
85102
41455
71316
6333
82121
95555
24375
24608
4158
13928
1101
7785
14884
2148
77109
40224
24286
98592
3868
29150
73470
76019
14386
1312
64590
29860
6145
18166
17545
80453
31020
57491
42502
8645
46372
35970
23865
29019
14281
5883
7521
14827
35112
48919
13707
56
39895
13367
31665
14198
73848
16962
48135
30
50606
95417
63546
44529
67516
8558
21072
37250
32465
42352
27843
74418
16538
2287
50427
68767
56813
53939
34593
13860
5150
46514
18766
939
1893
4902
17921
4117
17455
14141
74194
59600
3210
97813
8398
93346
50525
77692
44050
99
40384
2282
47448
8001
13519
1134
21575
52857
15983
3240
81886
3198
791
21966
40673
15081
60930
9754
39500
43071
101199
41967
32117
55873
14423
12693
87553
31481
7735
3753
4667
27272
2251
23466
44584
6779
15627
18015
7786
47485
7481
47995
88648
24775
28384
86033
56364
98066
18190
6358
7844
52862
3640
8737
40783
14045
37907
54561
73341
21288
10878
156
91370
42251
48288
47676
7288
27653
2839
23414
7164
3905
197
14862
9183
55352
48703
5841
6164
4708
22934
44015
24249
99857
61612
31674
36737
1694
13787
6563
16505
17378
35784
24372
23772
43310
44836
53494
7098
12272
12235
18535
13762
6130
62761
30737
5279
63797
2978
12601
8563
90456
13593
8282
76
6247
1129
3540
80638
43303
75536
63146
71927
3293
52415
62869
40764
42001
43703
66780
90569
48910
92183
82107
633
654
6347
8394
22519
17951
35024
6214
21728
32151
35555
88511
17374
79835
649
48886
6097
30789
39647
85067
45821
13558
84966
23760
33429
60363
94257
370
8261
10720
797
23323
38565
56694
51664
44208
4804
30359
61296
56992
89385
51020
78460
17271
14439
12916
29833
88780
27230
4173
632
35918
70693
47661
28950
64252
16280
26835
70972
9693
80317
10075
73612
43801
61193
16682
426
42345
2299
20545
6673
81893
28738
32518
1624
32715
72810
81605
15120
82237
58185
72145
58378
13810
96572
35154
81000
5502
15611
40558
25144
8482
81
58122
37445
65558
35969
2469
962
18334
38163
5503
47394
9277
27550
87918
41433
98083
5081
45470
44084
41189
47393
30823
15
52743
52485
81511
3545
46323
4258
2147
1243
94193
53543
58030
12018
31439
9767
44538
85765
88671
33814
13633
2401
16468
65248
61424
1976
18260
46578
14438
9099
28615
61230
11798
24731
30814
318
66372
54963
2933
6840
21334
69481
2425
45775
96581
9519
19492
7439
98688
17249
668
78960
478
39890
22241
56736
28401
10276
18531
11113
67346
35691
5792
20103
92226
22588
20979
24763
3259
44766
43700
8881
876
6367
142
26519
14699
50015
26739
26826
88964
480
29534
3257
16647
93495
8267
12722
21381
31986
54082
79202
2549
8023
63633
11571
43358
52744
62228
26833
7419
3238
70492
65328
41094
79023
41651
92093
24181
21002
56610
69742
39387
101794
24290
34747
75396
9128
20334
45690
15231
2678
211
12419
16580
16063
62190
8522
22843
24687
47936
55847
63247
11920
10633
93329
65674
82504
67282
38341
46019
6790
52674
21159
24038
94610
25366
10764
6567
12762
9556
66232
19405
64761
2584
26268
17034
66213
47489
13379
67422
32061
8426
76856
5639
4936
14555
14
6786
37531
40963
8354
5277
2973
19816
18745
97390
88427
92179
40806
27703
30537
14618
23571
48618
42745
40612
10053
84924
41659
95837
30824
6041
19932
1985
43027
52708
4410
3978
42583
19533
50793
71956
14705
74598
17578
66088
18701
7985
5514
15458
82596
18322
42604
37985
4601
14004
50673
67948
60507
8107
54380
24515
64
44417
40358
77148
283
17400
11923
6232
1124
31727
35202
24557
102059
27486
55146
3650
70198
17369
53388
7804
38875
6888
71023
14024
63215
14482
31356
88122
101952
86425
68120
53490
38393
90393
87227
900
85472
37080
54735
75429
4931
14017
52504
11620
19142
45247
46616
75243
4222
52701
45650
52028
21755
37685
9413
37158
55110
34711
80802
50982
79589
19642
54116
4739
102392
5719
9039
30721
52801
15408
61897
26671
10256
93214
5294
48184
89514
12248
42245
4753
21863
82975
66918
2240
41772
40557
12652
98809
3956
54598
47956
9397
76481
52196
75863
19487
261
79259
26
45038
7016
55938
1064
26910
69347
17793
45177
59873
55728
46594
11185
9756
55775
101445
78646
14501
10287
1654
90285
88569
475
16112
6323
64323
46048
994
12986
46216
27672
359
83320
66770
68915
38799
50322
17948
87324
13269
75748
30207
38384
17203
41781
4199
25686
53631
52804
97037
99465
66348
2688
46166
56454
31902
98852
90118
44156
47217
3919
23306
51780
79380
72640
34579
48272
75199
65163
91234
89950
57101
18140
12769
19315
67777
56599
55803
293
6500
48685
39681
47976
33728
25602
43963
55734
62714
42186
20785
43716
6750
636
55507
30983
38356
73412
12578
14635
92851
4312
13552
79772
7248
20186
51324
496
50834
25489
8497
7668
54376
9595
15793
11892
226
10328
274
37979
14489
55900
67968
50330
21071
96235
44423
101571
6353
29915
38832
48701
51876
1539
33602
32613
17019
20136
6343
32288
6118
46
24021
19177
14472
27343
80176
42357
18469
4419
14908
43663
4146
89184
58179
99197
39204
54973
98737
64997
74168
23862
12428
36580
44394
54980
57457
13805
66605
63764
29537
77991
14597
61374
83850
5054
18337
308
6213
42656
14359
74667
20763
68
2135
67649
6257
562
11244
63875
13089
11849
8382
6742
99028
53822
51575
18346
3816
35047
73118
5204
66604
30045
42086
16502
9665
41162
17145
22840
6231
18515
18228
7777
75116
35078
26975
89247
21483
13640
13165
98965
100246
41685
31342
68099
11024
5209
98101
35753
17613
2215
579
11447
31029
9997
55017
68404
18503
1288
64764
6783
10489
9343
5661
24367
53925
8708
81187
15939
88428
9681
54393
5074
19551
63956
94237
27531
57656
82048
5408
3582
5168
54319
39962
29485
19593
22971
45726
57339
5640
88440
67868
55890
21203
91038
6609
33022
38
33667
19297
66700
21260
4454
17344
2258
30711
65191
13073
61376
83464
13835
9791
58828
27154
798
49307
86328
11363
73918
87704
6249
32483
62271
7134
38871
16643
87494
53709
88938
72759
10305
39689
52587
17924
7982
89782
61142
47103
12126
46615
1014
5871
63514
78724
92310
20505
58677
97302
35574
41373
96016
93483
71214
18045
57237
6307
17103
74205
29650
86210
7639
80266
17321
8532
41950
2260
1194
92460
34767
64440
32656
4868
62613
2421
159
67290
2722
99146
88472
31450
36675
7988
52560
91190
130
40912
77757
14012
11155
21254
3622
66979
20438
5668
10430
6744
90514
57841
94268
16399
22346
16061
43434
20370
28440
87539
83305
74825
31730
34785
101840
5853
48842
29722
25806
5296
12806
66265
39124
24456
34124
32207
9273
1028
47857
8661
44231
41801
5918
63023
61527
9230
5173
22547
12317
48883
42
91329
5900
19172
17375
8887
1963
24649
29686
3165
2565
62253
29356
2842
61860
21259
5159
27875
18516
51637
97628
77587
4075
5892
79024
2063
14237
24623
12917
48567
3078
63175
37328
15823
65249
41113
76262
11712
14787
17039
16721
49339
31093
7569
10777
44943
72827
19605
37476
67084
24078
59342
4068
95965
99426
51801
75647
85853
90041
53031
2361
27278
68978
18985
805
24077
63107
35360
99172
18113
79279
365
29137
47578
3009
19958
6496
9305
84857
3268
37920
14783
62154
18882
80275
6432
13433
76530
54863
11696
29208
32659
32522
2229
13043
52091
88556
81945
101626
776
89819
9450
35531
67849
4602
19826
15642
44533
7576
1527
10444
6306
2434
45813
40941
35915
17640
57602
4617
41747
36337
4181
24233
88669
14777
10493
57493
1486
6183
38564
45475
92160
1999
49230
1
31716
18328
7931
76917
89094
38213
45309
46489
17957
19528
86574
81140
4946
63340
3044
19285
5941
29947
10665
13208
62430
26325
58224
90276
70128
11551
53488
101598
72257
24578
369
15904
25707
92003
3105
10653
5840
43305
21569
67740
28180
671
73295
96203
42442
8042
219
33366
12456
71198
1370
85648
66136
20706
17824
41761
55679
19051
57843
1268
9160
25761
9448
3326
3687
56453
56281
44763
34171
23123
7751
6817
50120
73166
54471
59517
3098
9380
43709
988
24531
73547
12745
7454
28103
2201
90702
39987
19584
57647
56252
74658
5134
17358
4217
54964
487
55013
24601
16558
63429
69683
68570
87783
