7727
99517
5953
42968
53193
17357
13594
17557
8524
215
86902
1395
199
20353
29338
61765
37292
13875
12638
41148
51293
3171
42717
44722
28400
10173
81106
38909
83979
53807
54699
63
3815
10848
41354
19565
3175
8411
32410
69663
19884
47484
7167
68882
32273
63039
35955
26807
109
8709
19617
43751
93389
55705
31345
20803
5891
72403
50670
27488
83677
20149
29701
1463
28289
3998
70120
54612
25953
57222
15981
1958
3846
30801
54676
14666
25465
49117
36952
10680
1433
54624
5241
5034
7385
92368
36096
20096
16466
3110
96959
11242
67085
86045
646
862
7613
44864
10702
37910
36394
48456
2840
889
17202
24
70273
84498
25865
1606
95281
92611
27499
48912
33448
20512
96411
14447
8447
4837
2987
92500
43706
27895
18940
22764
2036
71472
67714
28167
33698
3104
70329
20190
66045
75739
59875
9574
2456
77895
81517
81599
5476
29828
7694
6917
7495
39640
66113
7522
48419
11215
14977
7784
8760
66430
15149
5516
9017
52748
8386
93557
28007
6515
37
3658
19098
66003
41407
213
50867
57134
10220
79993
62085
54590
44499
12307
31564
43985
16514
26854
2980
59609
1217
9531
83144
1709
14872
16486
16870
1435
30051
4929
42417
46412
52986
17614
9749
590
79949
38183
95175
5015
25313
32373
5765
7344
27478
4789
40830
55135
6012
55607
60804
26911
13950
45511
83888
89504
12094
5427
62278
23913
13630
55086
7263
46303
24351
19887
37320
27937
30482
45905
97788
27354
6452
6751
53239
45031
93759
7496
6443
4432
46746
91295
10820
38783
42007
51130
8688
21172
71859
63668
111
9641
45487
12651
5703
18726
40210
3270
2226
8718
83435
9484
72624
14478
74090
4686
57661
58411
45520
30277
48547
18489
73821
17220
7025
98847
3390
565
93623
9569
60944
315
33621
17791
7885
47101
7327
1475
63333
16014
1751
78207
34078
2220
8399
6169
8291
63663
35317
7737
13588
22855
68552
79570
2995
30457
1688
10388
39936
8027
21623
12102
28767
26749
5462
85311
1451
48813
90876
75881
40371
925
35106
48178
43620
9938
56984
59162
19443
31705
73504
1855
28565
57351
33892
41
11236
777
20019
35505
42254
147
47897
90994
41351
5878
807
56376
34218
14674
89013
2963
25070
23793
19834
41043
32108
442
31530
14548
46645
37533
74565
18676
21873
45647
23794
90678
84782
42311
38068
17154
6778
63006
33587
27944
1892
474
49971
78877
7125
12020
87054
16869
25415
47877
16528
59958
40036
25924
55521
10925
28575
19523
847
18396
11306
48890
9501
19450
64413
41049
4515
54374
8854
10200
4921
32014
33677
298
8432
6498
65444
16229
12538
7752
29669
36376
11022
21297
59624
757
3200
20571
66203
3702
40859
7822
18115
12467
30602
6475
45107
17390
14579
58557
7657
32693
32826
33761
50115
21778
1182
35071
8678
2353
42333
40478
41621
80323
17095
3513
91752
29903
8393
63298
6241
43216
37976
30679
57553
45260
1653
13184
201
2568
881
302
78129
16517
16291
96448
52412
33043
29060
95197
32743
3440
23973
13972
5090
82302
380
5804
33502
62150
74306
8358
20864
2677
45769
16460
803
62224
52306
22810
21395
12931
23816
15112
4943
14575
3959
46049
458
49749
13010
16497
50836
22652
4495
46226
26780
44723
9241
11081
55490
3162
60855
16147
39763
5540
28017
3901
53945
75432
38882
101288
35550
24132
822
26919
26404
4578
24562
21913
5437
24320
44041
3261
39036
16408
7846
56095
3146
15757
93596
17732
3701
36382
7914
8130
11029
5658
684
36655
15050
48855
94041
13142
29704
16136
23426
94463
18906
20390
39363
30645
9906
45015
25141
37090
7090
23978
36632
67616
23856
85249
80831
8121
1149
24377
37025
46912
3718
28876
13137
62473
35304
5947
8859
2016
43132
98306
678
6721
29916
2360
58084
31159
51269
59361
20783
57307
467
38001
58026
25871
44735
18259
17433
4233
47971
53749
34661
86347
44678
27869
73
34929
26554
40969
32056
556
12071
90016
96703
4672
63025
45774
31071
1051
5702
13404
18038
52845
16596
72007
2951
40959
50493
25599
74710
16860
4438
11474
18612
7449
27699
81131
41622
95624
38035
20386
99675
93533
6088
33337
11542
8989
11337
89410
31156
8408
48589
28953
23950
436
31128
7759
1227
62305
7012
36323
7140
13649
19539
70161
45012
8104
88735
83126
19286
26902
26670
55537
63434
69445
60814
44970
30760
26033
13144
117
8821
43713
8102
44500
53175
2030
78776
26077
24123
3629
178
57948
1748
38636
63805
71231
8116
41547
6006
84487
51466
17186
52117
1851
75604
42348
78975
15761
10829
24507
70200
63183
83093
35178
1542
27431
3633
36
45284
25
60665
4340
52968
6209
68530
58212
57221
49396
9036
30693
2570
47403
72588
97718
55298
20391
14873
13768
52271
28247
8232
74445
9119
4501
3536
52357
66534
2990
3516
19306
21861
2740
91183
321
4238
75
4239
19755
18602
21884
25696
41179
3204
30884
95010
61321
5838
57284
29493
1687
3131
12214
1033
6591
25910
35993
39378
17662
38144
127
25916
60549
3022
17144
6830
64567
1153
326
571
24029
14965
33944
22942
21720
2184
4678
76920
3678
3566
32859
50496
11005
55239
2279
943
64948
69617
6942
49803
8498
40529
5431
4899
71280
59317
75296
50913
41344
29179
11727
15094
54769
57100
75760
57880
7427
76427
80125
25652
88551
34840
24992
21321
17301
71863
50094
24352
22
38532
11877
91739
76489
63649
5813
5207
477
1048
46872
6874
13966
7835
55754
89780
1412
10624
41313
62658
33898
13690
8226
4387
19259
55556
289
18009
53335
5590
7918
983
1560
59827
57005
6648
57854
4525
60782
13
328
31612
22646
38201
67441
8947
2817
43538
3333
6395
511
68784
46277
18380
18121
65409
70347
15876
1189
76058
45973
61051
41381
6589
53
80427
20805
43489
61762
17955
51687
23103
4147
21560
89071
16760
14178
58526
25612
23436
8847
2194
30126
8768
81132
50183
11076
2108
26035
29667
2593
10954
1044
2739
11575
19496
99462
101775
33577
33873
35415
39771
78588
16873
1526
56701
16058
62602
78993
1006
26028
60389
2952
15606
15312
1195
54857
49003
46322
94116
6265
8344
5644
30538
2948
6450
37978
83752
398
29182
85019
19150
62124
34859
34421
13683
18615
14620
41161
28740
29642
6516
39559
46391
594
42663
48659
76297
29344
1238
18162
113
33833
22572
3323
4050
21119
714
8554
4416
9006
13551
84074
1206
43569
42875
73978
11010
9488
7877
13011
16654
22263
72554
18523
42952
12663
93355
43284
12685
88621
13851
54371
13728
90165
31971
47957
76177
52661
24398
78493
1801
58386
10153
2877
36628
4827
15958
93492
11636
43642
65300
10854
24411
20515
26437
22391
31569
9595
4098
53691
40143
8953
87216
81523
34107
49738
18047
32292
18372
81491
3190
1575
13143
68089
42532
14835
79318
3262
15785
23004
8863
101525
44353
14790
57650
39891
33047
87735
12669
23048
22549
28990
4890
50140
25254
32492
8964
62917
54912
12452
60121
88424
7
6969
54815
12462
25988
48984
17194
47034
61965
68634
57244
39148
4819
97704
59463
144
65325
8983
43302
14909
17581
52549
45404
33005
45961
1743
40755
2277
58177
33344
30854
3804
16707
29025
29783
12701
32417
17902
81724
5995
22649
33974
13078
901
48231
39294
88899
4396
34931
18756
3218
74855
3730
1644
31176
5020
7309
49595
100746
2838
59765
61153
64990
62
24241
37615
91267
63681
17856
50904
44861
35583
20607
13430
6349
6999
37249
94942
22673
2566
78323
46308
1429
34016
62288
18297
5282
75401
57201
1934
50920
15571
9873
74863
13531
31112
68098
51016
4013
6433
23036
11156
1781
8568
56650
11486
25691
44411
60306
15261
1720
13853
36958
15383
95344
17346
98686
24535
56630
51757
20747
39440
64314
3649
47777
19886
11978
54044
19691
51263
47456
14569
94825
15435
11074
85233
58956
10275
61346
11526
55599
16747
55746
21270
5497
24791
12499
9035
10288
7057
2348
53100
141
6015
100888
8339
7849
41328
414
16572
54336
11980
4017
2554
56333
15070
2628
55874
32493
163
13128
40450
61265
18213
56255
45399
59606
84957
62235
84323
10640
13273
825
48797
7551
41834
21082
2788
17585
12838
28552
36977
39432
17865
23191
18417
91443
41453
10885
27149
4977
80447
9705
14558
61521
65171
18643
37169
20197
51517
7313
37824
18125
8790
51283
6207
48320
44527
5302
42184
35711
48898
41369
68156
1070
51393
2121
23292
9044
31001
22970
16516
18302
29619
29631
2254
139
18312
48909
8013
8214
10109
4051
12219
40424
43928
87797
14520
1559
14968
10897
7843
37769
40511
3106
7497
33085
13486
75423
26759
13607
64549
17350
98969
43697
45062
80833
16641
3688
34911
16727
18589
31123
22682
76801
2362
33494
7750
7423
5
3384
26633
14020
16756
1503
6417
43163
14882
51684
21656
18057
39416
48246
29001
36122
39507
10264
38826
2982
51057
29253
7450
18134
9644
39675
12198
43711
20105
76194
82002
9203
1157
10041
86079
19292
19733
42572
12534
40616
41450
3447
35685
64183
71667
45953
949
8036
55406
36235
91180
27695
96495
71941
20155
90345
45123
11609
19512
6002
88
9530
81785
68460
8706
2563
33679
39080
4825
21764
21000
6008
26944
93559
20930
84373
54180
33938
11906
28865
58379
42833
6312
31687
26334
23139
9115
25543
10946
30791
58168
15780
27005
36823
35122
38324
91482
35275
3472
15115
9630
78705
1868
22889
39000
11726
64598
14573
11536
36562
60023
12620
2538
2819
5482
9178
1305
6013
14843
1318
42812
43026
66177
38115
39495
94350
8929
96447
66789
46593
73186
3928
6258
32541
32266
68795
73037
21180
25126
19943
200
49533
4409
67917
59714
43986
3966
12431
85505
30546
14109
84002
7603
28892
41357
54847
53011
79451
210
56913
17360
4915
86812
11588
53628
4121
48405
48611
41417
1738
98812
18005
7253
60582
23976
78142
19572
4061
11853
5809
34755
53888
11471
53621
58055
69681
41523
1511
19242
18478
28914
56271
49118
3185
3857
10952
5205
56263
21659
51204
43939
3533
14828
63497
37602
32519
59344
8076
100408
18794
2550
7526
12558
4945
20557
11606
6905
11482
19394
72541
14128
3310
12129
23446
75137
11599
67098
42088
86856
1798
55858
5965
1693
37402
76587
39315
70110
15306
20112
55866
44365
42034
49498
62186
72034
31315
13401
77646
30670
102
51523
18918
53143
1832
59972
18101
43798
42119
21503
36491
92227
60097
2317
93005
4556
11711
64430
6338
787
46684
42110
85740
4700
22039
34004
10731
94756
43373
10477
57931
15655
58002
49250
64335
14789
50580
169
2795
9055
42004
4283
74406
48934
9579
60352
10543
27185
12281
4219
18175
68115
62559
85956
43202
39641
13578
15534
45231
5886
606
8694
6168
48071
16834
75794
64808
3597
2510
9419
99867
38787
37877
29949
3176
21222
14095
11269
86238
3122
26024
11227
28256
66373
100839
89666
52119
14867
12903
28525
39877
43063
52476
2281
3543
72058
67268
77179
21815
74920
9790
14574
20185
2212
41595
1160
44160
8504
15529
13264
44077
13528
81609
60465
84103
9509
99643
35506
4171
7524
79528
13069
1679
5453
7455
11788
36673
3699
29261
73126
21420
12783
4840
7412
730
7906
36043
41883
53766
18738
55375
51070
16496
5598
14057
11790
61859
512
9391
14695
39592
80798
2301
98980
79899
22297
28669
1029
2892
4480
6268
17658
62542
19502
7649
14000
23360
44264
7432
18105
40749
37306
31868
37106
5035
62325
71412
70528
81509
86609
630
6160
57480
13685
68043
101560
26447
81639
19293
22893
20626
833
87275
82047
3575
83018
44108
6248
2052
12637
7010
93741
84220
37145
78001
35776
80490
85094
931
18563
7908
20608
4507
7677
62435
19873
25282
39225
6412
14397
74794
17142
11741
19563
3972
683
53491
37799
11171
28436
41500
50698
41078
44058
78172
20624
2028
18492
74033
10207
15893
637
43836
37621
1535
17340
1358
9846
10476
3243
11259
97106
12392
75313
16091
13216
52016
78221
758
49840
47542
41573
35244
35919
49750
3766
12097
88615
1881
3263
1142
26788
71705
4014
42082
7876
81107
54962
18237
93746
89917
70960
18511
38474
56008
27652
6474
31563
47666
61066
6796
99223
38611
11501
9764
18634
14323
795
50433
78528
2782
8949
26345
11558
88897
52797
6137
8751
10863
33501
704
2979
4200
31329
759
17982
18630
32700
216
11839
66199
17833
51777
5927
11695
4187
865
8144
50107
13879
5001
33801
38962
77124
10368
31
69331
1161
8492
20777
34130
7137
63694
21027
84352
2950
32816
28410
6579
23186
56518
43461
1163
18071
1692
57935
55962
3930
623
46490
1169
46027
780
29023
19431
34663
17488
55256
44770
14210
79041
23697
30992
5793
51631
1324
24532
52506
60697
60438
1926
10245
23619
46043
12801
79241
15016
40653
17280
88488
51471
16156
14127
51346
4928
45293
52763
12228
4288
64592
37546
1967
90817
16762
29524
80734
4470
43322
8640
6263
41388
16328
64923
29582
6364
38070
10886
43273
62372
13077
5617
54686
94074
34823
5003
73080
75684
46385
8948
61719
90656
37666
7176
3227
15673
93062
35661
70686
2523
58791
74132
13146
20280
8994
52079
21757
39401
3486
6120
95853
20654
38392
18555
77057
9863
1294
6296
84749
30635
29007
12843
29081
65024
61233
45179
14734
45718
14453
33815
84557
39536
101
9721
85318
1337
63209
44
29352
45312
82011
340
4362
28737
63754
51189
62495
17867
64163
10622
35201
880
5037
572
26709
54677
79753
1068
19519
53471
88220
10788
27196
61845
42610
88565
20764
2181
34268
8743
22239
28403
4027
1698
36212
30730
6092
95367
37859
20053
18320
75443
11797
10263
50425
5197
1773
14011
7456
7030
55384
20922
7971
26612
75662
18774
3769
16780
4643
12389
812
26655
765
52975
6463
53538
29074
85912
63124
1857
39415
3705
6382
58934
6677
479
74221
58618
1846
23712
19667
4842
23165
2078
74123
2600
2743
3266
42568
55263
42537
42857
9517
67910
33955
18067
10455
6527
53889
15249
34756
51770
13652
19129
64985
29599
39521
16697
15772
43343
25785
5177
335
41243
1192
79849
10437
18388
8335
61948
5712
48812
25579
45484
58023
10141
3561
4134
49278
30281
33647
11085
14860
26333
5919
17287
79950
1430
3962
2111
52950
13060
86859
10744
2629
2831
88270
4655
72446
35879
316
36210
79742
53877
2748
18318
49322
3006
21410
9041
62631
88715
2166
24455
74842
70218
34149
49568
8424
1863
34051
90427
56196
2023
29565
18360
5043
93425
76131
37889
5817
36049
80474
14401
73820
9632
2954
7692
52842
56224
12014
3819
5748
4994
26010
4358
60341
39904
16628
39921
13756
1075
44097
1683
15699
12623
43872
13687
11419
13080
54650
44850
26664
32296
16699
54816
82449
5242
58742
831
82223
55366
29170
58844
51668
7676
54050
94187
6818
21186
8041
15630
21018
26784
22434
15196
15339
46140
12397
23028
1722
17423
16708
5958
23066
86569
22375
14306
5045
1780
9608
32262
6555
16833
65543
4759
37879
36742
5860
26465
3788
52864
19491
85172
44206
22773
11315
56407
37542
2302
31807
24810
1156
12114
28879
54018
23881
12764
7201
95591
18582
10154
58716
16256
23241
18957
10993
3875
33529
12269
14231
44043
54115
71874
77627
58833
48908
171
51030
27333
21890
32
58131
28359
17389
68968
18767
8009
13040
74721
73445
6529
664
7294
44691
67572
41893
10412
37243
1404
76307
3941
58476
45760
86675
7258
60363
68591
82923
91230
66536
20003
3932
31391
69586
20976
15610
62520
26293
50535
18329
16840
58297
50252
57383
18103
83279
25315
9374
30901
9202
35287
4044
6352
12335
36543
14562
2031
10994
42487
25620
49615
7734
20405
95559
23654
11755
75386
4160
74109
57466
38217
60215
5851
81393
41455
6333
82121
95555
6134
24375
24608
4158
13928
1101
7785
14884
39484
2148
29526
1941
24286
3868
28993
73470
14386
64590
29860
6145
18166
17545
35970
31020
42502
8645
46372
23865
50341
35112
13707
56
2217
39895
13367
578
16962
30
50606
27073
95417
44529
67516
21072
42352
27843
16538
50427
42351
53939
13860
31030
939
1893
4902
17921
4117
17455
14141
59600
3210
8398
93346
50525
44050
99
40384
2282
21575
52857
15474
81886
3198
21966
15081
40673
9754
53560
11054
14423
12693
3825
9834
46758
27272
23466
45720
2914
6779
15627
18015
47141
7481
47995
88648
24775
28384
56364
98066
18190
52862
3640
8737
37907
48310
32939
73341
21288
10878
42251
48288
47676
7288
27653
2839
23414
7164
3905
14862
5629
55352
48703
44645
4708
22934
59008
24249
99857
61612
1694
6563
24372
16505
66676
43310
14192
44836
53494
7098
12272
13762
6130
66775
3064
35965
5279
63797
2978
39790
12601
2157
90456
13593
8282
76
1129
8832
80638
89778
75536
1344
63146
61837
52415
40764
43703
90569
48910
633
654
79
8394
84197
22519
59836
35024
6214
20652
107
32151
35555
6188
17374
79835
48886
30789
6097
39647
45821
84966
23760
33429
370
8261
10720
797
56694
51664
44208
4804
61296
78460
17271
12916
29833
4173
632
35918
47661
28950
26835
96222
3560
9089
27448
61193
16682
426
42345
2299
6673
81893
28738
32518
1624
79249
72810
1558
58399
13810
15611
25144
13138
81
35273
65558
35969
962
18334
5503
9277
27550
87918
41433
98083
5081
41189
47393
30823
52743
81511
3545
4258
46323
2147
45689
1243
94193
53543
9767
44538
16468
41716
61424
1976
18260
46578
9099
11798
61230
66372
30814
2933
318
21334
69481
2425
96581
9519
7439
98688
17249
668
78960
10012
39890
22241
56736
18531
11113
26993
5792
22588
20979
2156
24763
3259
24090
44766
43700
8881
33554
876
142
58045
5170
26519
50015
26739
26826
88964
480
3257
16647
12722
20802
31986
54082
79202
8023
63633
11571
52744
62228
26833
7419
3238
70243
46791
65328
41094
40826
30960
41651
79023
21002
56610
24290
34747
75396
9128
20334
45690
4429
2678
12419
16580
16063
22843
8522
55847
63247
30905
11920
93329
1351
82504
46019
6790
52674
69940
21159
24038
94610
25366
10764
12762
48836
74275
93786
9556
59353
66213
47489
13379
8426
32061
5639
65191
17034
4936
3876
14
37531
5277
8354
2973
88427
56526
92179
30360
27703
2262
14618
24068
51815
10053
4808
41659
19932
1985
52708
42583
46867
19533
34032
65200
14705
74598
18701
7985
18322
42604
37985
4601
47427
67948
60507
8107
54380
84338
64
44417
40358
77148
283
17400
11923
6232
1124
31727
35202
24557
95270
27486
55146
34603
70198
73881
53388
7804
14658
6888
63215
14482
31356
68120
53490
38393
85472
37080
54735
75429
4931
52504
11620
45247
2264
75243
60599
52701
52028
21755
37685
9413
55110
50982
49598
19642
4739
9039
52801
15408
10256
71117
42513
58903
12248
42245
41772
40557
12652
3956
65651
54598
9397
76481
52196
48709
19487
261
2329
79259
26
55938
1064
59873
55728
46594
78646
100879
14501
88569
10652
10287
994
16112
46216
8011
27672
359
83320
66770
17948
50322
87324
13269
75748
30207
14485
38384
41781
4199
21244
35621
92530
52804
73102
58501
2688
31902
44156
47217
3919
23306
51780
58245
96421
3958
56599
55803
293
48685
39681
47976
33728
5293
42186
636
49410
30983
73412
12578
14635
4312
13552
79772
7248
20186
51324
50834
5814
25489
8497
37300
54376
43176
7668
11892
226
37979
14489
67968
55900
21071
96235
6353
29915
38832
14369
51876
1539
17160
30358
20136
6343
46
24021
14545
19177
14472
27343
80176
42357
18469
4419
14908
12061
58179
2305
98737
64997
54973
12428
36580
44394
54980
57457
80225
63764
77991
11469
19114
18337
206
308
14359
21747
6213
68
2135
6257
562
11244
5022
63875
13089
53822
51575
3816
35047
73118
66604
42086
9665
17145
6231
35078
18228
489
7777
75116
26975
9316
21483
89247
13165
31342
44568
11024
5209
35753
17613
2215
50578
9997
55017
68404
18503
6783
10489
5661
58875
53925
8708
88428
9681
54393
5074
15444
63956
27531
57656
5408
54319
39962
29485
501
19593
22971
45726
57339
5640
55890
14287
164
91038
6609
16017
21203
33022
79184
38
4454
17344
2258
9791
798
49307
86328
11363
32483
62271
72759
82289
10305
89782
52587
17924
19767
41662
5871
63514
78724
92310
26763
97302
35574
41373
93483
71214
18045
17103
7639
17321
34767
41950
2260
1194
92460
488
64440
32656
4868
15866
62613
86689
2421
85420
159
67290
31450
36675
7988
40912
130
11901
11155
20438
52572
57841
16399
16061
20370
73728
28440
87539
83305
74825
31730
54318
101840
5853
48842
29722
25806
25314
66265
39124
24456
14289
34124
32207
9273
1028
47857
44231
5918
63023
61527
9230
48883
22547
42
91329
19172
8887
16924
1963
24649
29686
3165
2565
2842
21259
51637
97628
4075
5892
79024
2063
24623
12917
39445
12414
15823
41113
14787
17039
16721
31093
7569
10777
44943
19605
59342
63009
4068
95965
99426
85853
90041
68978
2361
18985
805
24077
63107
18113
365
47578
92302
52414
3009
44558
19958
6496
9305
18882
14783
80275
6432
13433
54863
39930
32522
2229
13043
19264
88556
81945
776
9450
67849
42765
4602
116
32742
15642
73723
7576
1527
10444
2434
40941
17640
41747
88669
36337
24233
14777
1060
10493
6183
38564
14179
45475
1999
1
31716
18328
7931
50259
89094
45309
46489
81140
4946
3044
19285
5941
29947
10665
13208
62430
58224
90276
24730
11551
101598
86324
15904
25707
3105
5840
154
28180
671
62377
219
12456
71198
1370
85648
66136
20706
17824
41761
55679
19051
8120
1268
9160
25761
9448
3687
56281
11932
44763
34171
7751
6817
54471
59517
3098
988
24531
73547
12745
7454
28103
4538
16443
39987
19584
56252
4220
5134
4217
487
55013
24601
80266
63429
36900
43641
